transition_tour & input_sequence & output_sequence
0, 46, 112, 16, 94, 113, 112, 5, 119, 68, 6, 62, 32, 3, 38, 7, 79, 105, 76, 94, 124, 17, 87, 109, 105, 58, 93, 102, 103, 48, 50, 39, 11, 110, 70, 103, 5, 113, 40, 8, 29, 110, 35, 95, 45, 93, 35, 81, 66, 88, 116, 78, 45, 63, 73, 64, 85, 102, 115, 94, 124, 80, 39, 30, 41, 113, 40, 116, 98, 33, 13, 74, 104, 47, 75, 60, 87, 52, 54, 121, 56, 59, 64, 18, 67, 108, 122, 55, 117, 44, 9, 61, 5, 119, 29, 24, 83, 82, 19, 106, 71, 93, 35, 81, 92, 68, 38, 7, 89, 65, 99, 88, 85, 2, 58, 20, 51, 37, 62, 57, 21, 77, 43, 69, 23, 84, 4, 120, 0, 125, 18, 67, 9, 55, 37, 62, 57, 104, 41, 82, 11, 63, 19, 27, 107, 81, 92, 83, 72, 84, 4, 120, 25, 101, 100, 59, 127, 27, 26, 23, 111, 83, 82, 19, 106, 0, 125, 91, 24, 83, 82, 19, 106, 71, 93, 35, 81, 92, 68, 38, 7, 89, 86, 1, 28, 24, 18, 47, 66, 101, 104, 47, 75, 10, 34, 15, 19, 106, 71, 93, 35, 81, 92, 68, 38, 7, 89, 86, 1, 39, 30, 10, 99, 57, 21, 77, 43, 40, 116, 98, 33, 126, 93, 35, 81, 92, 68, 38, 119, 29, 24, 83, 82, 19, 106, 71, 55, 117, 44, 9, 61, 30, 41, 113, 40, 116, 98, 33, 13, 74, 104, 47, 75, 60, 87, 52, 54, 121, 56, 59, 64, 18, 67, 108, 122, 53, 15, 118, 48, 78, 45, 63, 73, 20, 51, 37, 62, 32, 3, 88, 85, 2, 58, 20, 93, 35, 81, 92, 68, 38, 119, 29, 24, 83, 82, 19, 106, 71, 55, 117, 44, 9, 61, 30, 41, 113, 40, 116, 98, 33, 13, 74, 104, 47, 75, 60, 87, 52, 54, 121, 56, 59, 64, 18, 67, 108, 122, 53, 15, 118, 48, 78, 45, 63, 73, 20, 51, 37, 62, 32, 3, 88, 85, 2, 3, 88, 85, 2, 3, 88, 85, 102, 115, 12, 94, 124, 80, 39, 30, 41, 113, 40, 116, 98, 33, 13, 74, 104, 47, 75, 60, 87, 52, 54, 121, 56, 59, 64, 18, 67, 108, 122, 55, 117, 44, 9, 61, 5, 119, 29, 24, 83, 82, 19, 106, 71, 93, 35, 81, 92, 68, 38, 7, 89, 65, 99, 57, 21, 77, 43, 69, 23, 84, 4, 51, 108, 121, 56, 85, 2, 3, 88, 116, 98, 40, 8, 112, 5, 119, 29, 24, 83, 82, 19, 106, 71, 93, 35, 81, 92, 68, 38, 7, 89, 65, 99, 57, 21, 87, 52, 54, 121, 56, 59, 64, 18, 47, 75, 60, 11, 63, 73, 20, 51, 37, 62, 32, 36, 16, 114, 33, 13, 74, 22, 43, 69, 23, 84, 111, 31, 90, 127, 27, 107, 6, 117, 68, 38, 119, 29, 24, 83, 82, 19, 106, 71, 93, 35, 81, 92, 68, 38, 7, 89, 86, 49, 45, 63, 19, 106, 71, 93, 35, 81, 92, 68, 38, 119, 29, 24, 83, 82, 11, 110, 70, 127, 36, 16, 114, 33, 13, 74, 104, 47, 75, 60, 87, 52, 54, 121, 56, 59, 64, 18, 67, 108, 122, 55, 117, 44, 9, 61, 30, 41, 113, 40, 8, 112, 5, 113, 40, 116, 98, 33, 13, 74, 104, 47, 75, 60, 87, 52, 54, 121, 56, 59, 64, 18, 67, 108, 122, 55, 117, 44, 9, 61, 5, 113, 40, 116, 98, 33, 13, 74, 104, 47, 75, 60, 87, 52, 54, 121, 56, 59, 64, 18, 67, 108, 122, 55, 117, 44, 9, 61, 30, 41, 82, 19, 106, 71, 93, 35, 81, 92, 68, 38, 119, 29, 24, 83, 72, 84, 111, 31, 90, 127, 36, 16, 114, 125, 91, 77, 73, 20, 51, 37, 62, 32, 3, 88, 85, 102, 115, 12, 101, 104, 47, 75, 60, 87, 52, 54, 121, 56, 59, 64, 18, 67, 108, 122, 55, 117, 44, 9, 61, 30, 41, 113, 40, 116, 98, 33, 13, 74, 22, 97, 68, 38, 119, 29, 24, 83, 82, 19, 106, 71, 93, 35, 81, 66, 88, 85, 102, 115, 12, 94, 124, 80, 39, 30, 41, 113, 40, 116, 98, 33, 13, 122, 53, 15, 118, 48, 78, 45, 63, 19, 106, 71, 93, 35, 81, 92, 68, 38, 119, 29, 24, 83, 82, 11, 110, 70, 127, 36, 16, 114, 33, 13, 74, 22, 43, 69, 23, 84, 111, 31, 71, 55, 117, 44, 33, 13, 74, 104, 47, 75, 60, 87, 52, 54, 121, 56, 59, 64, 18, 67, 108, 122, 55, 117, 44, 9, 61, 30, 41, 113, 40, 116, 98, 33, 126, 37, 62, 57, 21, 77, 73, 20, 93, 35, 81, 92, 68, 38, 7, 89, 65, 14, 71, 93, 35, 81, 92, 68, 38, 7, 89, 65, 14, 26, 123, 96, 45, 63, 19, 106, 71, 93, 35, 81, 92, 68, 38, 119, 29, 24, 83, 82, 11, 110, 70, 127, 36, 16, 114, 125, 91, 77, 73, 20, 51, 37, 40, 116, 98, 33, 13, 74, 104, 47, 75, 60, 87, 52, 54, 121, 56, 59, 64, 18, 67, 108, 122, 55, 117, 44, 9, 61, 30, 41, 113, 112, 5, 119, 29, 24, 83, 82, 19, 106, 71, 93, 35, 81, 92, 68, 38, 7, 89, 65, 99, 88, 85, 2, 58, 20, 51, 37, 62, 57, 21, 77, 43, 69, 23, 84, 111, 31, 90, 127, 36, 16, 94, 124, 17, 60, 11, 63, 19, 106, 71, 93, 35, 81, 92, 68, 38, 119, 29, 24, 83, 72, 121, 54, 42, 60, 87, 109, 40, 116, 98, 33, 13, 74, 104, 47, 75, 10, 99, 88, 85, 2, 58, 20, 51, 37, 62, 57, 21, 87, 52, 11, 63, 19, 106, 71, 93, 35, 81, 92, 68, 38, 119, 29, 24, 83, 72, 121, 54, 42, 60, 87, 109, 40, 116, 98, 33, 13, 74, 22, 97, 54, 42, 5, 113, 40, 116, 98, 33, 13, 74, 104, 47, 75, 60, 87, 52, 54, 121, 56, 59, 64, 18, 67, 108, 122, 55, 117, 44, 9, 61, 30, 41, 82, 19, 106, 71, 93, 35, 81, 92, 68, 38, 119, 29, 24, 83, 72, 84, 4, 120, 25, 23, 84, 111, 31, 90, 9, 61, 30, 41, 113, 40, 116, 98, 33, 13, 74, 104, 47, 75, 60, 87, 52, 54, 121, 56, 59, 64, 18, 67, 108, 122, 55, 117, 68, 38, 7, 89, 86, 1, 28, 58, 20, 51, 37, 40, 116, 98, 33, 13, 74, 104, 47, 75, 60, 87, 52, 54, 121, 56, 59, 64, 18, 67, 108, 122, 55, 117, 44, 9, 61, 30, 41, 113, 40, 116, 98, 33, 13, 74, 104, 47, 75, 60, 87, 52, 54, 121, 56, 59, 64, 18, 67, 108, 122, 55, 117, 44, 9, 61, 30, 41, 82, 19, 106, 71, 93, 35, 81, 92, 68, 38, 119, 29, 24, 83, 72, 84, 111, 31, 90, 127, 36, 30, 41, 113, 40, 116, 98, 33, 13, 74, 104, 47, 75, 60, 87, 52, 54, 121, 56, 59, 64, 18, 67, 108, 122, 55, 117, 44, 9, 61, 5, 119, 29, 24, 83, 82, 19, 106, 71, 93, 35, 81, 92, 68, 38, 7, 89, 65, 99, 88, 85, 2, 58, 20, 51, 37, 62, 32, 36, 16, 114, 33, 13, 74, 104, 47, 75, 60, 87, 52, 54, 121, 56, 59, 64, 18, 67, 108, 122, 55, 117, 44, 9, 61, 30, 10, 34, 96, 119, 29, 24, 83, 82, 19, 106, 71, 93, 35, 81, 92, 68, 38, 7, 89, 65, 99, 88, 85, 2, 58, 20, 51, 37, 40, 116, 98, 33, 13, 74, 104, 47, 75, 60, 87, 52, 54, 42, 60, 87, 52, 54, 121, 56, 59, 64, 18, 47, 75, 60, 11, 63, 19, 106, 71, 93, 35, 81, 92, 68, 38, 119, 29, 24, 83, 72, 84, 111, 31, 90, 9, 61, 30, 41, 113, 40, 116, 98, 33, 13, 122, 55, 117, 44, 9, 61, 30, 41, 113, 40, 116, 98, 33, 13, 74, 104, 47, 75, 60, 87, 52, 54, 121, 56, 59, 64, 18, 67, 108, 122, 55, 117, 68, 38, 119, 29, 24, 83, 82, 19, 106, 71, 93, 35, 81, 66, 101, 100, 76, 94, 124, 80, 39, 11, 63, 73, 20, 51, 37, 62, 57, 21, 77, 43, 69, 23, 84, 4, 120, 0, 46, 20, 51, 37, 40, 116, 98, 33, 13, 74, 104, 47, 75, 60, 87, 52, 54, 121, 56, 59, 64, 18, 67, 108, 122, 55, 117, 44, 9, 61, 30, 41, 113, 112, 5, 119, 29, 24, 83, 82, 19, 106, 71, 93, 35, 81, 92, 68, 38, 7, 89, 86, 49, 20, 51, 37, 40, 116, 98, 33, 13, 74, 104, 47, 75, 60, 87, 52, 54, 121, 56, 59, 64, 18, 67, 108, 122, 55, 117, 44, 9, 61, 30, 41, 113, 112, 5, 119, 29, 24, 83, 82, 19, 106, 71, 93, 35, 81, 92, 68, 38, 7, 89, 65, 99, 88, 85, 102, 115, 12, 94, 124, 80, 39, 11, 110, 70, 103, 48, 50, 53, 56, 59, 64, 18, 47, 75, 60, 87, 52, 54, 121, 54, 121, 56, 59, 64, 18, 47, 75, 60, 87, 52, 11, 63, 19, 106, 71, 93, 35, 81, 92, 68, 38, 119, 29, 24, 83, 72, 84, 111, 31, 90, 9, 61, 30, 41, 113, 40, 116, 98, 33, 13, 74, 104, 47, 75, 60, 87, 52, 54, 121, 56, 59, 64, 18, 67, 108, 122, 55, 117, 44, 9, 61, 5, 119, 29, 24, 83, 82, 19, 106, 71, 93, 35, 81, 92, 68, 38, 7, 89, 65, 14, 26, 123, 96, 119, 29, 24, 83, 82, 19, 106, 71, 93, 35, 81, 92, 68, 38, 7, 89, 65, 99, 88, 85, 2, 3, 38, 119, 29, 24, 83, 82, 19, 106, 71, 93, 35, 81, 92, 68, 6, 117, 44, 9, 61, 30, 41, 113, 40, 116, 98, 33, 13, 74, 104, 47, 75, 60, 87, 52, 54, 121, 56, 59, 64, 18, 67, 108, 122, 55, 117, 44, 9, 61, 30, 41, 113, 40, 116, 98, 33, 13, 74, 104, 47, 75, 60, 87, 52, 54, 121, 56, 59, 64, 18, 67, 108, 122, 53, 15, 118, 48, 78, 45, 63, 19, 106, 71, 93, 35, 81, 92, 68, 38, 119, 29, 24, 83, 82, 11, 110, 70, 127, 36, 16, 114, 125, 91, 77, 43, 69, 116, 98, 40, 8, 112, 5, 119, 29, 24, 83, 82, 19, 106, 71, 93, 35, 81, 92, 68, 38, 7, 89, 65, 99, 88, 85, 2, 58, 20, 51, 37, 62, 57, 21, 87, 52, 54, 121, 56, 59, 64, 18, 47, 75, 60, 11, 110, 70, 127, 36, 16, 114, 33, 13, 74, 104, 47, 75, 60, 87, 52, 54, 121, 56, 59, 64, 18, 67, 108, 122, 55, 117, 44, 9, 61, 30, 41, 113, 40, 116, 78, 45, 63, 19, 106, 71, 93, 35, 81, 92, 68, 38, 119, 29, 24, 83, 72, 121, 54, 42, 60, 87, 52, 11, 63, 19, 106, 71, 93, 35, 81, 92, 68, 38, 119, 29, 24, 83, 72, 84, 111, 31, 90, 9, 61, 30, 41, 113, 40, 116, 98, 33, 13, 74, 104, 47, 75, 60, 87, 52, 54, 121, 56, 59, 64, 18, 47, 75, 10, 99, 88, 85, 2, 3, 38, 119, 29, 24, 83, 82, 19, 106, 71, 93, 35, 81, 92, 68, 6, 117, 44, 9, 61, 30, 41, 113, 40, 116, 98, 33, 13, 74, 22, 43, 69, 23, 84, 4, 120, 25, 101, 100, 76, 113, 40, 116, 98, 33, 13, 74, 104, 47, 75, 60, 87, 52, 54, 121, 56, 59, 64, 18, 67, 108, 122, 55, 117, 44, 9, 61, 30, 41, 82, 19, 106, 71, 93, 35, 81, 92, 68, 38, 7, 79, 69, 116, 98, 40, 8, 112, 5, 119, 29, 24, 83, 82, 19, 106, 71, 93, 35, 81, 92, 68, 38, 7, 89, 65, 99, 88, 85, 2, 58, 20, 51, 37, 62, 57, 21, 87, 52, 54, 121, 56, 59, 64, 18, 47, 75, 60, 11, 110, 70, 127, 36, 16, 94, 124, 80, 55, 117, 44, 9, 61, 30, 41, 113, 40, 116, 98, 33, 13, 74, 104, 47, 75, 60, 87, 52, 54, 121, 56, 59, 64, 18, 67, 108, 122, 53, 15, 118, 48, 78, 45, 63, 19, 106, 71, 93, 35, 81, 92, 68, 38, 119, 29, 24, 83, 82, 11, 110, 70, 127, 36, 16, 114, 125, 91, 77, 73, 20, 51, 37, 62, 32, 3, 88, 85, 102, 115, 12, 94, 124, 80, 39, 30, 41, 113, 40, 116, 98, 33, 13, 74, 104, 47, 75, 60, 87, 52, 54, 121, 56, 59, 64, 18, 67, 108, 122, 55, 117, 44, 9, 61, 5, 119, 29, 24, 83, 82, 19, 106, 71, 93, 35, 81, 92, 68, 38, 7, 89, 86, 1, 39, 30, 41, 113, 40, 116, 98, 33, 13, 74, 104, 47, 75, 60, 87, 52, 54, 121, 56, 59, 64, 18, 67, 108, 122, 55, 117, 44, 9, 61, 5, 119, 29, 24, 83, 82, 19, 106, 71, 93, 35, 81, 92, 68, 38, 7, 89, 65, 99, 88, 85, 2, 3, 38, 119, 29, 24, 83, 82, 19, 106, 71, 93, 35, 81, 92, 68, 6, 117, 44, 9, 61, 30, 41, 113, 40, 116, 98, 33, 13, 74, 104, 47, 75, 60, 87, 52, 54, 121, 56, 59, 64, 18, 67, 108, 122, 55, 37, 62, 57, 21, 77, 43, 69, 23, 84, 111, 31, 90, 9, 61, 30, 41, 113, 40, 116, 98, 33, 13, 74, 104, 47, 75, 60, 87, 52, 54, 121, 56, 59, 64, 18, 67, 108, 122, 55, 117, 68, 38, 119, 29, 24, 83, 82, 19, 106, 71, 93, 35, 81, 66, 101, 100, 76, 94, 124, 80, 39, 11, 63, 73, 20, 51, 37, 62, 57, 21, 77, 43, 69, 23, 84, 111, 31, 90, 127, 36, 16, 114, 125, 91, 24, 83, 82, 19, 106, 71, 93, 35, 81, 92, 68, 38, 119, 29, 24, 83, 82, 19, 106, 71, 93, 35, 95, 58, 20, 51, 37, 40, 116, 98, 33, 13, 74, 22, 97, 68, 38, 119, 29, 24, 83, 82, 19, 106, 71, 93, 35, 81, 66, 101, 104, 47, 75, 60, 87, 52, 54, 121, 56, 59, 64, 18, 67, 108, 122, 55, 117, 44, 9, 61, 30, 41, 113, 40, 116, 98, 40, 116, 98, 33, 13, 74, 104, 47, 75, 60, 87, 52, 54, 121, 56, 59, 64, 18, 67, 108, 122, 55, 117, 44, 9, 61, 30, 41, 113, 112, 5, 119, 29, 24, 83, 82, 19, 106, 71, 93, 35, 81, 92, 68, 38, 7, 89, 65, 99, 88, 85, 2, 58, 20, 51, 37, 62, 57, 21, 77, 43, 69, 23, 84, 4, 120, 25, 101, 100, 76, 113, 40, 116, 98, 33, 13, 74, 104, 47, 75, 60, 87, 52, 54, 121, 56, 59, 64, 18, 67, 108, 122, 55, 117, 44, 9, 61, 30, 41, 82, 19, 106, 71, 93, 35, 81, 92, 68, 38, 119, 29, 24, 83, 82, 19, 106, 0, 125, 91, 77, 73, 20, 51, 37, 40, 116, 98, 33, 13, 74, 104, 47, 75, 60, 87, 52, 54, 121, 56, 59, 64, 18, 67, 108, 122, 55, 117, 44, 9, 61, 30, 41, 113, 112, 16, 94, 124, 80, 39, 11, 110, 70, 127, 27, 107, 6, 117, 44, 9, 61, 30, 41, 113, 40, 116, 98, 33, 13, 74, 104, 47, 75, 60, 87, 109, 40, 116, 98, 33, 13, 74, 104, 47, 75, 60, 87, 52, 54, 121, 56, 59, 64, 18, 67, 108, 122, 55, 117, 44, 9, 61, 30, 41, 113, 112, 5, 119, 29, 24, 83, 82, 19, 106, 71, 93, 35, 81, 92, 68, 38, 7, 89, 65, 99, 88, 85, 2, 58, 20, 51, 37, 62, 57, 21, 77, 43, 69, 23, 84, 111, 31, 90, 127, 36, 16, 114, 33, 13, 74, 104, 47, 75, 60, 87, 52, 54, 121, 56, 59, 64, 18, 67, 108, 122, 55, 117, 44, 9, 61, 30, 41, 113, 40, 116, 78, 45, 63, 19, 106, 71, 93, 35, 81, 92, 68, 38, 119, 29, 24, 83, 82, 11, 110, 70, 127, 36, 16, 114, 125, 91, 77, 73, 20, 51, 37, 62, 32, 3, 88, 85, 102, 115, 12, 94, 124, 80, 39, 30, 41, 113, 40, 116, 98, 33, 13, 74, 104, 47, 75, 60, 87, 52, 54, 121, 56, 59, 64, 18, 67, 108, 122, 55, 117, 44, 9, 61, 5, 119, 29, 24, 83, 82, 19, 106, 71, 93, 35, 81, 92, 68, 38, 7, 89, 65, 99, 88, 85, 102, 103, 48, 50, 53, 15, 118, 52, 54, 121, 56, 59, 64, 18, 47, 75, 60, 87, 109, 40, 116, 98, 33, 13, 74, 104, 41, 113, 112, 5, 119, 29, 24, 83, 82, 19, 106, 71, 93, 35, 81, 92, 68, 38, 7, 89, 65, 99, 88, 85, 2, 58, 20, 51, 37, 62, 57, 21, 77, 43, 69, 23, 84, 4, 120, 0, 125, 91, 24, 83, 82, 19, 106, 71, 93, 35, 81, 92, 68, 38, 119, 29, 110, 70, 127, 27, 26, 123, 123, 96, 119, 29, 24, 83, 82, 19, 106, 71, 93, 35, 81, 92, 68, 38, 7, 89, 65, 99, 88, 85, 2, 58, 20, 51, 37, 40, 116, 98, 33, 13, 74, 104, 47, 75, 60, 87, 52, 54, 121, 56, 59, 64, 18, 67, 108, 122, 55, 117, 44, 9, 61, 30, 41, 113, 112, 16, 114, 125, 91, 77, 43, 69, 23, 84, 4, 120, 25, 101, 100, 76, 94, 124, 80, 39, 30, 41, 113, 40, 116, 98, 33, 126, 37, 40, 116, 98, 33, 13, 74, 104, 47, 75, 60, 87, 52, 54, 121, 56, 59, 64, 18, 67, 108, 122, 55, 117, 44, 9, 61, 30, 41, 113, 112, 5, 119, 29, 24, 83, 82, 19, 106, 71, 93, 35, 81, 92, 68, 38, 7, 89, 65, 99, 88, 85, 102, 115, 12, 94, 124, 80, 39, 11, 110, 70, 127, 36, 16, 114, 125, 91, 77, 43, 69, 23, 84, 4, 120, 0
a, a, a, a, a, a, b, a, a, a, a, a, a, a, a, a, a, a, a, b, a, a, a, a, b, a, a, a, a, a, a, a, a, a, a, b, b, b, a, a, a, b, a, a, a, b, b, a, a, a, a, a, b, a, a, a, a, b, a, b, b, b, b, b, b, b, b, b, a, b, b, b, b, b, b, b, b, b, b, a, b, b, b, a, b, b, b, b, b, b, b, a, a, b, b, b, b, b, b, b, b, b, b, b, b, b, a, b, b, b, b, b, b, a, b, b, b, a, b, b, a, a, b, a, b, a, a, b, b, a, a, a, a, a, a, b, a, a, a, a, b, b, a, a, a, b, a, a, a, a, a, a, a, a, a, a, a, b, a, a, a, b, b, b, a, b, b, b, b, b, b, b, b, b, b, b, b, b, b, a, b, a, b, a, a, a, b, a, b, b, b, b, a, a, a, a, b, b, b, b, b, b, b, b, a, b, a, b, b, b, a, b, a, b, a, a, a, b, b, a, a, a, b, b, b, b, b, b, b, b, b, b, b, b, b, a, b, b, b, b, b, b, b, b, b, b, a, b, b, b, b, b, b, b, b, b, b, a, b, b, b, a, b, b, a, a, b, a, b, b, b, a, b, b, b, a, a, a, b, b, b, a, b, a, b, b, b, b, b, b, b, b, b, b, b, b, b, a, b, b, b, b, b, b, b, b, b, b, a, b, b, b, b, b, b, b, b, b, b, a, b, b, b, a, b, b, a, a, b, a, b, b, b, a, b, b, b, a, a, a, b, b, b, b, b, b, b, b, b, b, a, b, b, b, b, b, b, b, b, b, b, b, b, a, b, b, b, b, b, b, b, b, b, b, a, b, b, b, a, b, b, b, b, b, b, b, a, a, b, b, b, b, b, b, b, b, b, b, b, b, b, a, b, b, b, a, b, a, a, b, a, b, a, b, a, a, a, a, b, b, b, a, b, b, a, b, b, a, b, b, b, b, b, b, b, b, b, b, b, b, b, a, b, b, b, a, b, b, b, b, b, a, b, b, b, b, b, b, a, b, a, b, b, b, a, a, b, b, b, b, b, b, a, a, b, a, b, b, b, b, a, a, a, b, b, a, b, b, b, b, b, b, b, b, b, b, b, b, b, b, b, a, b, a, a, a, b, b, b, b, b, b, b, b, b, b, b, b, b, b, b, a, a, a, b, b, b, b, b, b, b, b, b, b, b, b, b, b, b, a, b, b, b, a, b, b, b, b, b, b, b, b, b, b, b, a, b, b, b, b, b, b, a, b, b, b, b, b, b, b, b, b, b, a, b, b, b, a, b, b, b, b, b, b, b, a, b, b, b, b, a, b, b, b, b, b, b, b, b, b, b, a, b, b, b, a, b, b, b, b, b, b, b, b, b, a, b, b, b, b, b, b, b, b, b, b, b, b, b, a, a, b, b, b, a, b, b, b, a, b, a, b, b, b, b, a, a, a, b, b, a, b, b, a, b, b, b, b, b, b, b, b, a, b, b, b, a, b, b, b, b, b, b, b, b, b, b, b, b, b, a, b, b, a, b, b, b, b, b, b, b, b, b, b, b, b, b, b, a, a, b, a, b, b, b, b, b, b, b, b, b, b, b, b, a, b, a, a, a, b, a, b, b, b, b, b, b, b, b, b, b, b, b, b, b, b, b, b, a, a, a, b, b, b, b, b, b, b, a, a, b, a, b, b, b, a, a, b, b, a, b, b, b, b, b, b, b, b, b, b, a, b, b, b, a, b, b, b, b, b, b, b, b, b, b, b, b, b, a, a, b, a, b, b, a, b, b, a, b, b, b, b, b, a, b, b, a, a, b, b, b, b, b, b, a, b, b, a, b, b, a, a, b, b, b, b, b, b, b, b, b, b, b, b, b, b, b, a, a, a, b, b, b, b, a, b, a, b, b, b, b, b, b, b, a, b, b, b, b, b, b, b, b, b, b, a, b, b, b, a, b, b, b, b, b, b, b, b, b, b, a, b, a, b, b, b, b, b, b, b, b, b, b, b, b, b, a, b, b, b, b, b, b, a, b, b, b, a, b, b, a, a, b, a, b, b, b, b, a, b, b, a, b, a, b, a, b, b, b, b, b, b, b, b, b, b, b, b, b, b, a, b, b, a, b, b, a, b, b, b, a, b, b, b, b, b, a, b, b, b, b, a, b, b, b, a, b, b, b, b, a, b, b, b, b, b, b, b, b, b, b, b, b, b, b, a, b, b, a, b, b, a, b, b, b, a, b, b, a, b, a, a, a, b, b, b, b, a, b, b, b, b, b, b, b, b, b, b, a, b, b, b, a, b, b, b, b, b, b, b, b, b, a, b, b, b, b, b, b, b, b, b, b, b, b, b, a, a, a, a, a, b, b, b, b, b, b, b, b, b, b, b, b, b, a, b, b, b, b, b, b, b, b, b, b, a, b, b, b, a, b, b, b, b, a, b, a, b, a, b, a, b, b, b, b, b, b, b, a, b, b, b, b, b, b, b, b, b, b, a, b, b, b, a, b, b, b, b, b, b, b, b, b, b, b, b, b, a, b, b, b, b, b, b, b, b, b, b, a, b, b, b, a, b, b, b, b, b, b, b, b, b, a, b, b, b, b, b, b, b, b, b, b, b, b, b, a, a, b, b, b, a, b, a, b, b, b, b, b, a, b, b, b, b, b, b, b, b, b, b, a, b, b, b, a, b, b, b, b, b, b, b, a, a, b, b, b, b, b, b, b, b, b, b, b, b, b, a, b, b, b, b, b, b, a, b, b, b, a, a, b, b, b, b, b, b, b, b, b, b, b, b, b, b, a, b, b, b, a, b, b, b, b, b, b, b, b, a, a, b, b, b, b, b, b, b, b, b, b, b, b, b, b, b, a, b, b, b, b, b, b, a, b, b, b, b, b, b, a, b, b, b, b, b, b, b, b, b, a, b, b, b, b, b, a, b, b, b, b, b, b, a, b, b, b, b, b, b, b, b, b, b, b, b, b, b, a, a, b, b, b, b, b, b, b, b, b, b, b, a, b, a, b, b, b, b, b, b, b, b, b, b, b, a, b, b, b, b, b, b, b, b, b, b, a, b, b, b, a, b, b, b, b, a, b, b, b, b, b, b, b, b, b, b, b, b, a, b, a, b, a, b, b, b, a, b, a, b, b, b, a, b, b, a, a, b, a, b, a, a, b, a, b, b, b, b, b, b, a, b, b, b, b, b, b, b, b, b, b, a, b, b, b, a, b, b, b, b, b, b, b, b, b, b, a, b, a, b, b, b, b, b, b, b, b, b, b, b, b, b, a, b, a, a, b, b, b, b, b, b, a, b, b, b, b, b, b, b, b, b, b, a, b, b, b, a, b, b, b, b, b, b, b, b, b, b, a, b, a, b, b, b, b, b, b, b, b, b, b, b, b, b, a, b, b, b, b, b, a, b, b, b, b, b, b, a, a, a, a, a, a, b, b, b, b, b, b, b, b, b, b, b, b, b, b, a, b, b, b, b, b, b, b, b, a, b, b, b, b, b, b, b, b, b, b, b, b, b, b, a, a, b, b, b, b, b, b, b, b, b, b, b, a, b, b, b, b, b, b, b, b, b, b, a, b, b, b, a, b, b, b, b, b, b, b, a, a, b, b, b, b, b, b, b, b, b, b, b, b, b, a, b, b, a, b, b, a, b, b, b, b, b, b, b, b, b, b, b, b, b, b, a, b, b, b, b, b, b, b, a, b, b, b, b, b, b, b, b, b, b, b, b, b, a, b, b, b, b, b, b, b, b, b, b, a, b, b, b, b, b, b, b, b, b, b, a, b, b, b, a, b, b, b, b, b, b, b, b, b, b, b, b, b, a, b, b, b, b, b, b, b, b, b, b, a, b, b, b, a, b, b, a, a, b, a, b, b, b, b, b, b, b, b, b, b, b, b, b, b, b, b, b, a, a, a, b, b, b, b, a, b, a, a, b, b, b, b, a, b, b, a, b, b, b, b, b, b, b, b, b, b, b, b, b, a, b, b, b, b, b, b, a, b, b, b, a, b, b, b, b, b, b, a, b, b, b, b, b, b, a, a, a, b, b, b, b, b, b, b, b, b, b, b, b, b, b, b, a, b, b, b, a, b, b, b, b, b, b, b, b, b, b, b, b, a, b, b, b, b, b, b, b, b, b, b, b, b, b, b, b, a, b, b, a, b, b, b, a, b, b, b, b, b, b, b, b, b, b, b, b, b, b, a, a, b, b, b, b, b, b, b, b, b, b, b, a, b, b, b, b, b, b, b, b, b, b, a, b, b, b, b, b, a, b, b, b, b, b, a, b, b, b, b, b, b, b, b, b, b, b, b, b, a, b, b, b, b, b, b, b, b, b, b, a, b, b, a, a, b, a, b, a, a, a, a, a, b, b, b, b, b, a, b, b, b, b, b, b, b, b, b, b, a, b, b, b, a, b, b, b, b, b, b, b, b, b, a, b, b, b, b, b, b, b, b, b, a, a, b, b, b, b, a, b, b, a, b, b, b, b, b, b, b, b, b, b, b, b, b, a, b, b, b, b, b, b, a, b, b, b, a, b, b, b, b, b, b, a, b, b, b, b, b, b, a, a, a, b, b, b, a, b, b, a, b, b, b, b, b, b, b, b, b, b, a, b, b, b, b, b, b, b, b, b, b, a, b, b, b, a, b, b, a, a, b, a, b, b, b, b, b, b, b, b, b, b, b, b, b, b, b, b, b, a, a, a, b, b, b, b, a, b, a, b, b, b, b, a, a, a, b, b, a, b, b, b, b, b, b, b, b, b, b, b, b, a, b, b, b, b, b, b, b, b, b, b, a, b, b, b, a, b, b, b, b, b, b, b, a, a, b, b, b, b, b, b, b, b, b, b, b, b, b, a, b, a, b, b, b, b, b, b, b, b, a, b, b, b, b, b, b, b, b, b, b, a, b, b, b, a, b, b, b, b, b, b, b, a, a, b, b, b, b, b, b, b, b, b, b, b, b, b, a, b, b, b, b, b, b, b, a, b, b, b, b, b, b, b, b, b, b, b, b, b, a, b, b, b, b, b, b, b, b, b, b, a, b, b, b, b, b, b, b, b, b, b, a, b, b, b, a, b, b, b, a, a, b, b, a, a, b, a, b, b, b, b, b, b, b, b, b, b, b, b, a, b, b, b, b, b, b, b, b, b, b, a, b, b, b, a, b, b, b, b, a, b, b, b, b, b, b, b, b, b, b, b, b, a, b, a, b, a, b, b, b, a, b, a, b, b, b, a, b, b, a, a, b, a, b, b, b, b, a, b, b, b, a, b, b, b, b, b, b, b, b, b, b, b, b, b, b, b, b, b, b, b, b, b, b, b, a, b, b, b, b, b, b, b, a, b, b, a, b, b, b, b, b, b, b, b, b, b, b, b, b, b, a, b, b, b, b, b, b, b, b, b, a, b, b, b, a, b, b, b, b, b, b, b, b, b, b, b, b, b, b, b, b, a, b, b, b, b, b, b, b, b, b, b, a, b, b, b, a, b, b, b, b, b, b, b, b, b, b, a, b, a, b, b, b, b, b, b, b, b, b, b, b, b, b, a, b, b, b, b, b, b, a, b, b, b, a, b, b, a, a, b, a, b, a, a, a, a, a, b, b, b, b, b, a, b, b, b, b, b, b, b, b, b, b, a, b, b, b, a, b, b, b, b, b, b, b, b, b, a, b, b, b, b, b, b, b, b, b, b, b, b, b, b, b, b, a, b, b, a, b, b, b, b, b, b, b, a, b, b, b, b, b, b, b, b, b, b, a, b, b, b, a, b, b, b, b, b, b, b, b, b, b, a, a, a, b, b, b, a, a, a, b, a, a, b, b, b, b, b, b, b, b, b, b, b, a, b, b, b, b, b, b, b, a, b, b, b, a, b, b, b, b, b, b, b, b, b, b, a, b, b, b, a, b, b, b, b, b, b, b, b, b, b, a, b, a, b, b, b, b, b, b, b, b, b, b, b, b, b, a, b, b, b, b, b, b, a, b, b, b, a, b, b, a, a, b, a, b, b, b, b, a, b, b, b, b, b, b, b, b, b, b, b, b, b, b, a, b, b, b, a, b, b, b, b, b, b, b, b, b, b, b, b, a, b, b, b, b, b, b, b, b, b, b, b, b, b, b, b, b, a, a, a, b, b, b, b, a, b, a, b, b, b, b, a, a, a, b, b, a, b, b, b, b, b, b, b, b, b, b, b, b, a, b, b, b, b, b, b, b, b, b, b, a, b, b, b, a, b, b, b, b, b, b, b, a, a, b, b, b, b, b, b, b, b, b, b, b, b, b, a, b, b, b, b, b, a, a, a, a, b, a, b, b, b, b, a, b, b, b, b, b, b, b, a, b, b, b, a, b, b, b, a, b, a, b, a, b, b, b, b, b, b, b, b, b, b, b, b, b, a, b, b, b, b, b, b, a, b, b, b, a, b, b, a, a, b, a, b, a, a, b, b, b, b, b, b, b, b, b, b, b, b, b, b, b, b, b, a, a, b, a, b, b, b, a, b, b, b, b, b, b, b, b, b, b, b, b, b, b, a, b, b, b, b, b, b, a, b, b, b, b, b, b, a, b, b, b, b, b, b, b, b, b, b, a, b, b, b, a, b, b, b, b, b, b, b, b, b, b, a, a, b, a, b, a, a, b, a, b, a, a, a, a, a, b, a, b, b, b, b, b, b, b, b, b, a, a, b, b, b, b, a, b, b, b, b, b, b, b, b, b, b, a, b, b, b, a, b, b, b, b, b, b, b, b, b, b, a, b, a, b, b, b, b, b, b, b, b, b, b, b, b, b, a, b, b, b, b, b, a, b, b, b, b, b, b, a, a, a, b, b, b, b, a, b, a, a, b, a, b, a, a, b
0, 1, 0, 0, 1, 1, 1, 1, 0, 0, 1, 0, 1, 0, 1, 0, 1, 0, 0, 1, 0, 0, 1, 1, 0, 1, 0, 0, 0, 0, 0, 0, 0, 1, 1, 1, 1, 1, 1, 1, 0, 0, 0, 1, 0, 0, 0, 0, 1, 0, 1, 1, 1, 1, 0, 1, 0, 0, 1, 1, 1, 0, 1, 1, 1, 1, 1, 0, 1, 1, 1, 0, 1, 1, 1, 1, 1, 0, 1, 0, 1, 0, 0, 0, 1, 0, 0, 1, 0, 0, 0, 1, 1, 0, 0, 0, 1, 0, 1, 0, 1, 0, 0, 0, 1, 1, 1, 0, 1, 1, 0, 0, 1, 0, 0, 0, 0, 1, 0, 1, 0, 0, 0, 0, 1, 0, 1, 0, 1, 1, 0, 0, 1, 0, 1, 0, 0, 1, 1, 0, 0, 0, 0, 1, 1, 0, 0, 0, 0, 0, 1, 1, 0, 1, 1, 0, 1, 0, 1, 0, 1, 1, 0, 1, 1, 1, 0, 0, 0, 1, 0, 1, 0, 1, 0, 0, 0, 1, 1, 1, 0, 1, 0, 0, 1, 1, 0, 1, 0, 0, 1, 1, 1, 1, 1, 0, 1, 0, 1, 0, 0, 0, 1, 1, 1, 0, 1, 0, 0, 1, 1, 1, 1, 1, 0, 0, 0, 1, 0, 1, 1, 0, 0, 0, 0, 1, 1, 1, 0, 0, 0, 1, 0, 1, 0, 1, 1, 0, 0, 0, 1, 1, 1, 1, 1, 0, 1, 1, 1, 0, 1, 1, 1, 1, 1, 0, 1, 0, 1, 0, 0, 0, 1, 0, 1, 1, 1, 0, 1, 0, 1, 1, 0, 0, 0, 1, 0, 1, 0, 0, 1, 0, 0, 1, 0, 0, 0, 1, 1, 1, 0, 0, 0, 1, 0, 1, 0, 1, 1, 0, 0, 0, 1, 1, 1, 1, 1, 0, 1, 1, 1, 0, 1, 1, 1, 1, 1, 0, 1, 0, 1, 0, 0, 0, 1, 0, 1, 1, 1, 0, 1, 0, 1, 1, 0, 0, 0, 1, 0, 1, 0, 0, 1, 0, 0, 0, 1, 0, 0, 0, 0, 0, 1, 1, 1, 1, 0, 1, 1, 1, 1, 1, 0, 1, 1, 1, 0, 1, 1, 1, 1, 1, 0, 1, 0, 1, 0, 0, 0, 1, 0, 0, 1, 0, 0, 0, 1, 1, 0, 0, 0, 1, 0, 1, 0, 1, 0, 0, 0, 1, 1, 1, 0, 1, 1, 1, 1, 0, 0, 0, 0, 1, 0, 1, 0, 1, 0, 0, 1, 0, 0, 0, 0, 1, 1, 1, 1, 1, 0, 0, 0, 1, 0, 1, 0, 1, 0, 0, 0, 1, 1, 1, 0, 1, 1, 1, 1, 0, 1, 0, 1, 0, 1, 0, 0, 0, 1, 1, 0, 0, 1, 0, 0, 0, 1, 0, 0, 1, 1, 1, 1, 1, 1, 0, 0, 0, 1, 0, 0, 0, 0, 1, 1, 0, 0, 0, 1, 1, 0, 0, 0, 1, 0, 1, 0, 1, 0, 0, 0, 1, 1, 1, 0, 1, 1, 1, 1, 0, 1, 0, 1, 0, 0, 0, 1, 1, 1, 0, 0, 0, 1, 0, 0, 1, 1, 0, 1, 1, 1, 1, 1, 0, 1, 1, 1, 1, 1, 0, 1, 0, 1, 0, 0, 0, 1, 0, 0, 1, 0, 0, 0, 1, 1, 1, 1, 1, 1, 1, 1, 1, 1, 0, 1, 1, 1, 0, 1, 1, 1, 1, 1, 0, 1, 0, 1, 0, 0, 0, 1, 0, 0, 1, 0, 0, 0, 1, 1, 1, 1, 0, 1, 1, 1, 0, 1, 1, 1, 1, 1, 0, 1, 0, 1, 0, 0, 0, 1, 0, 0, 1, 0, 0, 0, 1, 1, 1, 0, 1, 0, 1, 0, 0, 0, 1, 1, 1, 0, 0, 0, 0, 0, 0, 0, 0, 0, 0, 1, 1, 0, 0, 0, 0, 0, 0, 0, 1, 0, 1, 0, 0, 0, 0, 1, 1, 0, 1, 1, 1, 1, 1, 0, 1, 0, 1, 0, 0, 0, 1, 0, 0, 1, 0, 0, 0, 1, 1, 1, 1, 1, 0, 1, 1, 1, 1, 0, 1, 1, 1, 0, 0, 0, 1, 0, 1, 0, 1, 0, 0, 0, 1, 0, 0, 0, 1, 1, 1, 1, 0, 1, 1, 1, 1, 1, 0, 1, 1, 1, 1, 1, 1, 0, 1, 0, 1, 0, 1, 0, 1, 0, 0, 0, 1, 1, 1, 0, 0, 0, 1, 0, 0, 1, 1, 0, 1, 1, 1, 1, 1, 1, 0, 0, 0, 1, 0, 0, 0, 1, 1, 0, 0, 1, 1, 0, 1, 1, 1, 1, 1, 0, 1, 0, 1, 0, 0, 0, 1, 0, 0, 1, 0, 0, 0, 1, 1, 1, 1, 1, 0, 1, 1, 1, 1, 0, 1, 0, 0, 0, 1, 0, 0, 0, 1, 1, 1, 0, 1, 0, 0, 1, 0, 0, 0, 1, 1, 1, 0, 1, 0, 1, 1, 1, 1, 1, 0, 1, 0, 1, 0, 0, 0, 1, 1, 1, 0, 0, 0, 1, 0, 0, 1, 1, 0, 1, 1, 0, 0, 0, 0, 0, 0, 0, 1, 1, 0, 1, 1, 1, 0, 1, 1, 1, 1, 1, 0, 1, 0, 1, 0, 0, 0, 1, 0, 0, 1, 0, 0, 0, 1, 1, 1, 1, 1, 1, 0, 0, 0, 1, 0, 1, 0, 1, 0, 0, 0, 1, 1, 1, 0, 1, 1, 0, 0, 1, 0, 0, 0, 0, 1, 0, 1, 0, 0, 0, 0, 1, 0, 0, 0, 0, 0, 1, 0, 1, 0, 0, 0, 0, 0, 1, 0, 1, 0, 0, 0, 1, 1, 1, 0, 0, 0, 0, 0, 1, 0, 1, 1, 1, 0, 1, 0, 1, 1, 1, 0, 1, 1, 1, 1, 0, 0, 1, 0, 0, 0, 0, 1, 0, 1, 0, 1, 0, 0, 0, 1, 0, 1, 0, 0, 0, 1, 1, 1, 0, 0, 0, 0, 0, 1, 0, 1, 1, 1, 0, 1, 0, 1, 1, 1, 1, 0, 1, 0, 1, 1, 1, 1, 0, 1, 1, 1, 0, 1, 1, 1, 1, 1, 0, 1, 0, 1, 0, 0, 0, 1, 0, 0, 1, 0, 0, 0, 1, 1, 1, 0, 1, 0, 1, 0, 0, 0, 1, 1, 1, 0, 0, 0, 0, 0, 0, 1, 1, 0, 1, 0, 0, 0, 1, 0, 1, 1, 1, 1, 1, 0, 1, 1, 1, 0, 1, 1, 1, 1, 1, 0, 1, 0, 1, 0, 0, 0, 1, 0, 0, 1, 0, 1, 1, 0, 1, 0, 0, 0, 0, 0, 0, 1, 1, 0, 1, 1, 1, 0, 1, 1, 1, 1, 1, 0, 1, 0, 1, 0, 0, 0, 1, 0, 0, 1, 0, 0, 0, 1, 1, 1, 1, 1, 0, 1, 1, 1, 0, 1, 1, 1, 1, 1, 0, 1, 0, 1, 0, 0, 0, 1, 0, 0, 1, 0, 0, 0, 1, 1, 1, 0, 1, 0, 1, 0, 0, 0, 1, 1, 1, 0, 0, 0, 0, 0, 0, 0, 0, 0, 0, 0, 1, 1, 1, 1, 0, 1, 1, 1, 0, 1, 1, 1, 1, 1, 0, 1, 0, 1, 0, 0, 0, 1, 0, 0, 1, 0, 0, 0, 1, 1, 0, 0, 0, 1, 0, 1, 0, 1, 0, 0, 0, 1, 1, 1, 0, 1, 1, 0, 0, 1, 0, 0, 0, 0, 1, 0, 0, 1, 1, 1, 1, 1, 0, 1, 1, 1, 1, 1, 0, 1, 0, 1, 0, 0, 0, 1, 0, 0, 1, 0, 0, 0, 1, 1, 1, 1, 1, 0, 0, 0, 1, 0, 1, 0, 1, 0, 0, 0, 1, 1, 1, 0, 1, 1, 0, 0, 1, 0, 0, 0, 0, 1, 1, 0, 1, 1, 1, 0, 1, 1, 1, 1, 1, 0, 0, 1, 1, 1, 0, 1, 0, 1, 0, 0, 0, 1, 1, 0, 0, 0, 1, 0, 1, 0, 0, 0, 1, 1, 1, 0, 0, 0, 0, 0, 0, 0, 0, 1, 0, 1, 1, 1, 1, 1, 0, 1, 1, 1, 0, 1, 0, 0, 0, 1, 1, 1, 1, 1, 0, 1, 1, 1, 0, 1, 1, 1, 1, 1, 0, 1, 0, 1, 0, 0, 0, 1, 0, 0, 1, 0, 1, 1, 0, 0, 0, 1, 0, 1, 0, 1, 0, 0, 0, 0, 1, 1, 0, 1, 1, 0, 0, 0, 1, 0, 0, 0, 1, 0, 1, 0, 0, 0, 0, 1, 0, 1, 0, 0, 1, 0, 0, 1, 1, 0, 1, 1, 1, 0, 1, 1, 1, 1, 1, 0, 1, 0, 1, 0, 0, 0, 1, 0, 0, 1, 0, 0, 0, 1, 1, 1, 1, 1, 1, 0, 0, 0, 1, 0, 1, 0, 1, 0, 0, 0, 1, 1, 1, 0, 1, 1, 1, 0, 0, 1, 1, 0, 1, 1, 1, 0, 1, 1, 1, 1, 1, 0, 1, 0, 1, 0, 0, 0, 1, 0, 0, 1, 0, 0, 0, 1, 1, 1, 1, 1, 1, 0, 0, 0, 1, 0, 1, 0, 1, 0, 0, 0, 1, 1, 1, 0, 1, 1, 0, 0, 0, 0, 1, 1, 1, 1, 0, 0, 0, 1, 1, 0, 0, 1, 0, 1, 0, 0, 0, 1, 1, 1, 1, 0, 1, 1, 1, 0, 1, 0, 0, 0, 1, 1, 1, 1, 0, 0, 0, 1, 0, 1, 0, 0, 0, 1, 1, 1, 0, 0, 0, 0, 0, 0, 0, 0, 1, 0, 1, 1, 1, 1, 1, 0, 1, 1, 1, 0, 1, 1, 1, 1, 1, 0, 1, 0, 1, 0, 0, 0, 1, 0, 0, 1, 0, 0, 0, 1, 1, 0, 0, 0, 1, 0, 1, 0, 1, 0, 0, 0, 1, 1, 1, 0, 1, 0, 1, 1, 1, 1, 0, 0, 0, 1, 0, 1, 0, 1, 0, 0, 0, 1, 1, 1, 0, 1, 1, 0, 0, 1, 0, 0, 1, 0, 0, 0, 1, 0, 1, 0, 1, 0, 0, 0, 1, 0, 0, 0, 0, 0, 1, 1, 1, 1, 1, 0, 1, 1, 1, 0, 1, 1, 1, 1, 1, 0, 1, 0, 1, 0, 0, 0, 1, 0, 0, 1, 0, 0, 0, 1, 1, 1, 1, 1, 0, 1, 1, 1, 0, 1, 1, 1, 1, 1, 0, 1, 0, 1, 0, 0, 0, 1, 0, 1, 1, 1, 0, 1, 0, 1, 0, 1, 0, 1, 0, 0, 0, 1, 1, 1, 0, 0, 0, 1, 0, 0, 1, 1, 0, 1, 1, 0, 0, 0, 0, 0, 0, 0, 1, 1, 1, 1, 1, 0, 0, 0, 1, 0, 1, 0, 1, 0, 0, 0, 1, 1, 1, 0, 1, 1, 0, 0, 1, 0, 0, 0, 0, 1, 0, 1, 0, 1, 0, 1, 0, 1, 0, 0, 0, 1, 1, 0, 0, 1, 1, 0, 1, 1, 1, 1, 1, 0, 1, 1, 1, 1, 1, 0, 1, 0, 1, 0, 0, 0, 1, 0, 0, 1, 0, 0, 0, 1, 1, 1, 1, 1, 1, 0, 1, 0, 1, 0, 1, 0, 0, 0, 1, 1, 1, 0, 0, 0, 0, 0, 1, 0, 1, 1, 1, 0, 0, 0, 1, 0, 1, 0, 0, 0, 1, 1, 1, 0, 0, 0, 0, 0, 0, 0, 0, 1, 0, 1, 1, 1, 1, 1, 0, 1, 1, 1, 0, 1, 1, 1, 1, 1, 0, 1, 0, 1, 0, 0, 0, 1, 1, 1, 0, 0, 1, 0, 0, 1, 0, 0, 0, 1, 0, 1, 0, 1, 0, 0, 0, 1, 0, 0, 0, 0, 0, 1, 1, 1, 1, 1, 0, 1, 1, 1, 1, 0, 0, 0, 1, 0, 1, 1, 0, 1, 1, 0, 1, 1, 0, 1, 1, 1, 0, 1, 1, 1, 1, 1, 0, 1, 0, 1, 0, 0, 0, 1, 0, 0, 1, 0, 0, 0, 1, 1, 1, 0, 1, 0, 1, 0, 0, 0, 1, 1, 1, 0, 1, 0, 0, 1, 1, 1, 1, 1, 0, 0, 0, 1, 0, 1, 0, 1, 0, 0, 0, 1, 1, 1, 0, 1, 1, 0, 0, 1, 0, 0, 0, 0, 1, 0, 1, 0, 1, 0, 1, 0, 1, 0, 0, 0, 1, 1, 0, 0, 1, 1, 0, 1, 0, 1, 1, 1, 1, 0, 0, 0, 1, 1, 1, 1, 1, 0, 1, 1, 1, 0, 1, 1, 1, 1, 1, 0, 1, 0, 1, 0, 0, 0, 1, 0, 1, 1, 1, 0, 1, 0, 1, 0, 1, 0, 1, 0, 0, 0, 1, 1, 1, 0, 0, 0, 1, 0, 0, 1, 1, 0, 1, 1, 0, 0, 0, 0, 0, 0, 0, 1, 0, 1, 0, 0, 0, 0, 1, 1, 1, 1, 0, 1, 1, 1, 1, 1, 0, 1, 1, 1, 0, 1, 1, 1, 1, 1, 0, 1, 0, 1, 0, 0, 0, 1, 0, 0, 1, 0, 0, 0, 1, 1, 0, 0, 0, 1, 0, 1, 0, 1, 0, 0, 0, 1, 1, 1, 0, 1, 0, 0, 1, 1, 1, 1, 1, 0, 1, 1, 1, 0, 1, 1, 1, 1, 1, 0, 1, 0, 1, 0, 0, 0, 1, 0, 0, 1, 0, 0, 0, 1, 1, 0, 0, 0, 1, 0, 1, 0, 1, 0, 0, 0, 1, 1, 1, 0, 1, 1, 0, 0, 1, 0, 0, 1, 0, 0, 0, 1, 0, 1, 0, 1, 0, 0, 0, 1, 0, 0, 0, 0, 0, 1, 1, 1, 1, 1, 0, 1, 1, 1, 0, 1, 1, 1, 1, 1, 0, 1, 0, 1, 0, 0, 0, 1, 0, 0, 0, 1, 0, 1, 0, 0, 0, 0, 1, 0, 0, 0, 1, 0, 1, 1, 1, 1, 1, 0, 1, 1, 1, 0, 1, 1, 1, 1, 1, 0, 1, 0, 1, 0, 0, 0, 1, 0, 0, 1, 0, 1, 1, 0, 0, 0, 1, 0, 1, 0, 1, 0, 0, 0, 0, 1, 1, 0, 1, 1, 0, 0, 0, 1, 0, 0, 0, 1, 0, 1, 0, 0, 0, 0, 1, 0, 0, 0, 0, 0, 1, 1, 0, 0, 0, 0, 1, 0, 1, 0, 1, 0, 0, 0, 1, 1, 1, 0, 0, 0, 1, 0, 1, 0, 1, 0, 0, 1, 0, 0, 0, 1, 1, 0, 1, 1, 1, 1, 0, 1, 1, 1, 0, 0, 0, 1, 0, 1, 0, 1, 0, 0, 0, 0, 0, 1, 1, 1, 1, 1, 0, 1, 0, 1, 0, 0, 0, 1, 0, 0, 1, 0, 0, 0, 1, 1, 1, 1, 1, 0, 1, 1, 0, 1, 1, 1, 0, 1, 1, 1, 1, 1, 0, 1, 0, 1, 0, 0, 0, 1, 0, 0, 1, 0, 0, 0, 1, 1, 1, 1, 1, 1, 0, 0, 0, 1, 0, 1, 0, 1, 0, 0, 0, 1, 1, 1, 0, 1, 1, 0, 0, 1, 0, 0, 0, 0, 1, 0, 1, 0, 0, 0, 0, 1, 0, 1, 1, 0, 1, 1, 0, 1, 1, 0, 1, 1, 1, 0, 1, 1, 1, 1, 1, 0, 1, 0, 1, 0, 0, 0, 1, 0, 0, 1, 0, 0, 0, 1, 1, 1, 0, 1, 0, 1, 0, 0, 0, 1, 1, 1, 0, 0, 0, 1, 0, 1, 1, 1, 0, 0, 0, 0, 0, 0, 1, 1, 0, 1, 1, 1, 0, 1, 1, 1, 1, 1, 0, 1, 0, 1, 0, 0, 0, 1, 0, 0, 1, 0, 0, 0, 1, 1, 1, 1, 0, 0, 1, 1, 0, 0, 0, 1, 1, 1, 1, 0, 0, 0, 0, 0, 1, 1, 1, 1, 1, 0, 1, 1, 1, 0, 1, 1, 1, 1, 1, 0, 1, 0, 1, 1, 1, 0, 1, 1, 1, 1, 1, 0, 1, 0, 1, 0, 0, 0, 1, 0, 0, 1, 0, 0, 0, 1, 1, 1, 1, 1, 1, 0, 0, 0, 1, 0, 1, 0, 1, 0, 0, 0, 1, 1, 1, 0, 1, 1, 0, 0, 1, 0, 0, 0, 0, 1, 0, 1, 0, 0, 0, 0, 1, 0, 0, 0, 0, 0, 1, 1, 1, 1, 1, 0, 1, 1, 1, 1, 1, 0, 1, 0, 1, 0, 0, 0, 1, 0, 0, 1, 0, 0, 0, 1, 1, 1, 1, 1, 1, 0, 1, 0, 1, 0, 1, 0, 0, 0, 1, 1, 1, 0, 0, 0, 1, 0, 0, 1, 1, 0, 1, 1, 0, 0, 0, 0, 0, 0, 0, 1, 0, 1, 0, 0, 0, 0, 1, 1, 1, 1, 0, 1, 1, 1, 1, 1, 0, 1, 1, 1, 0, 1, 1, 1, 1, 1, 0, 1, 0, 1, 0, 0, 0, 1, 0, 0, 1, 0, 0, 0, 1, 1, 0, 0, 0, 1, 0, 1, 0, 1, 0, 0, 0, 1, 1, 1, 0, 1, 1, 0, 0, 0, 0, 0, 0, 1, 1, 1, 0, 0, 1, 0, 1, 0, 0, 0, 1, 1, 1, 1, 0, 1, 0, 1, 1, 1, 0, 1, 1, 1, 1, 1, 0, 0, 0, 1, 0, 1, 0, 1, 0, 0, 0, 1, 1, 1, 0, 1, 1, 0, 0, 1, 0, 0, 0, 0, 1, 0, 1, 0, 0, 0, 0, 1, 0, 1, 0, 1, 0, 0, 0, 1, 0, 1, 0, 1, 0, 0, 0, 1, 1, 1, 0, 0, 1, 1, 1, 0, 1, 1, 1, 1, 0, 0, 0, 1, 0, 1, 0, 1, 0, 0, 0, 1, 1, 1, 0, 1, 1, 0, 0, 1, 0, 0, 0, 0, 1, 1, 0, 1, 1, 1, 0, 1, 1, 1, 1, 1, 0, 1, 0, 1, 0, 0, 0, 1, 0, 0, 1, 0, 0, 0, 1, 1, 1, 1, 0, 1, 0, 0, 0, 0, 0, 0, 1, 0, 1, 1, 0, 1, 1, 0, 1, 1, 0, 1, 1, 1, 1, 1, 0, 1, 1, 1, 1, 1, 0, 1, 1, 1, 0, 1, 1, 1, 1, 1, 0, 1, 0, 1, 0, 0, 0, 1, 0, 0, 1, 0, 0, 0, 1, 1, 1, 1, 1, 1, 0, 0, 0, 1, 0, 1, 0, 1, 0, 0, 0, 1, 1, 1, 0, 1, 1, 0, 0, 0, 0, 1, 1, 1, 1, 0, 0, 0, 1, 1, 0, 1, 1, 0, 0, 0, 0, 0, 0, 1, 0, 1, 0
