transition_tour & input_sequence & output_sequence
0, 9, 63, 21, 15, 73, 4, 106, 54, 119, 11, 106, 95, 52, 68, 106, 95, 124, 45, 36, 78, 49, 76, 17, 113, 125, 20, 62, 24, 119, 22, 50, 25, 31, 3, 27, 23, 100, 6, 99, 53, 94, 72, 111, 14, 57, 67, 58, 2, 82, 65, 30, 93, 102, 39, 75, 96, 48, 42, 118, 77, 63, 86, 83, 121, 109, 18, 32, 79, 60, 70, 74, 8, 7, 10, 84, 112, 0, 58, 2, 109, 18, 32, 103, 38, 50, 127, 18, 93, 107, 85, 52, 110, 5, 36, 97, 85, 13, 39, 47, 56, 64, 117, 88, 104, 21, 29, 48, 42, 118, 120, 17, 14, 71, 59, 55, 65, 41, 86, 83, 36, 78, 75, 89, 103, 72, 94, 77, 115, 101, 17, 113, 111, 46, 24, 16, 66, 21, 29, 74, 8, 7, 10, 84, 113, 125, 20, 62, 24, 119, 22, 50, 25, 31, 3, 27, 23, 100, 45, 36, 78, 49, 76, 17, 14, 57, 67, 58, 2, 82, 65, 30, 93, 102, 39, 75, 96, 48, 42, 118, 77, 63, 86, 83, 121, 109, 18, 32, 79, 60, 28, 1, 88, 50, 25, 124, 113, 125, 8, 44, 22, 127, 105, 66, 88, 50, 25, 31, 3, 27, 23, 100, 45, 36, 78, 49, 76, 17, 113, 125, 20, 62, 24, 119, 22, 127, 105, 56, 87, 103, 72, 111, 14, 57, 67, 58, 2, 82, 65, 30, 93, 102, 39, 75, 96, 48, 42, 118, 77, 63, 86, 83, 121, 109, 18, 32, 79, 60, 28, 1, 106, 95, 124, 45, 36, 78, 49, 76, 17, 113, 125, 20, 62, 24, 119, 22, 50, 25, 31, 3, 27, 23, 100, 6, 99, 53, 94, 72, 111, 14, 57, 67, 58, 2, 82, 37, 102, 51, 59, 12, 31, 80, 25, 31, 3, 36, 78, 49, 76, 17, 113, 125, 20, 62, 24, 119, 22, 50, 25, 31, 3, 27, 13, 4, 37, 35, 118, 77, 63, 86, 111, 14, 57, 52, 110, 5, 54, 92, 94, 72, 111, 14, 57, 67, 58, 2, 82, 65, 30, 124, 45, 36, 78, 49, 76, 17, 113, 125, 20, 62, 24, 119, 22, 50, 25, 31, 3, 27, 23, 100, 6, 26, 98, 59, 12, 101, 111, 14, 57, 67, 58, 2, 82, 65, 30, 124, 45, 36, 78, 49, 76, 17, 113, 125, 20, 62, 24, 119, 22, 50, 25, 31, 3, 27, 23, 100, 6, 99, 99, 53, 68, 41, 25, 31, 3, 27, 23, 100, 45, 36, 78, 49, 76, 17, 113, 125, 20, 62, 24, 119, 22, 50, 127, 105, 56, 87, 103, 72, 111, 14, 57, 67, 58, 2, 82, 65, 30, 93, 102, 39, 75, 96, 48, 42, 118, 77, 63, 86, 83, 121, 109, 18, 32, 79, 60, 70, 74, 8, 7, 67, 23, 9, 70, 78, 49, 41, 25, 31, 3, 27, 23, 100, 45, 36, 78, 49, 76, 17, 113, 125, 20, 62, 24, 119, 22, 50, 127, 105, 56, 87, 103, 72, 111, 14, 57, 67, 58, 2, 82, 65, 30, 93, 102, 39, 75, 96, 48, 42, 118, 77, 63, 86, 83, 121, 109, 18, 32, 79, 60, 70, 74, 8, 7, 10, 122, 108, 71, 39, 75, 96, 68, 41, 25, 31, 3, 27, 23, 100, 45, 36, 78, 49, 76, 17, 113, 125, 20, 62, 24, 119, 22, 50, 127, 105, 56, 87, 103, 72, 111, 14, 57, 67, 58, 2, 82, 65, 30, 93, 102, 39, 75, 96, 48, 42, 118, 77, 63, 86, 83, 121, 109, 18, 32, 79, 60, 70, 74, 8, 7, 10, 84, 112, 108, 43, 43, 6, 99, 53, 94, 72, 111, 14, 57, 67, 58, 2, 82, 65, 30, 124, 45, 36, 78, 49, 76, 17, 113, 125, 20, 62, 24, 119, 11, 65, 30, 93, 102, 39, 75, 96, 48, 14, 57, 67, 58, 2, 82, 65, 30, 124, 45, 36, 78, 49, 76, 17, 113, 125, 20, 62, 24, 119, 22, 50, 25, 31, 3, 27, 23, 100, 6, 99, 53, 94, 72, 111, 46, 117, 88, 104, 21, 29, 74, 8, 7, 10, 84, 112, 0, 9, 63, 86, 83, 121, 109, 18, 93, 102, 51, 59, 12, 101, 111, 14, 57, 67, 58, 2, 82, 65, 30, 124, 45, 36, 78, 49, 76, 17, 113, 125, 20, 62, 24, 119, 22, 50, 25, 31, 3, 27, 23, 100, 6, 99, 53, 94, 77, 63, 86, 83, 121, 109, 18, 93, 102, 39, 75, 96, 48, 42, 118, 120, 114, 91, 116, 105, 56, 64, 117, 88, 104, 21, 15, 124, 45, 75, 96, 48, 14, 57, 67, 58, 2, 82, 65, 30, 124, 45, 36, 78, 49, 76, 17, 113, 125, 20, 62, 24, 16, 90, 81, 60, 28, 1, 106, 95, 124, 45, 36, 78, 49, 76, 17, 113, 125, 20, 62, 24, 119, 22, 50, 25, 31, 3, 27, 23, 100, 6, 26, 98, 19, 53, 94, 72, 111, 14, 57, 67, 58, 2, 82, 65, 30, 124, 45, 36, 78, 49, 76, 17, 113, 125, 20, 62, 24, 119, 22, 50, 25, 31, 3, 27, 23, 100, 6, 26, 98, 19, 100, 6, 99, 53, 94, 72, 111, 14, 57, 67, 58, 2, 82, 65, 30, 124, 45, 36, 78, 49, 76, 17, 113, 125, 20, 62, 46, 117, 36, 78, 49, 76, 17, 113, 125, 20, 113, 125, 20, 62, 24, 119, 22, 50, 25, 31, 3, 27, 23, 100, 45, 36, 78, 49, 76, 17, 113, 125, 20, 62, 24, 119, 22, 50, 25, 31, 3, 27, 23, 100, 45, 36, 78, 49, 76, 17, 113, 125, 20, 62, 24, 119, 11, 65, 30, 93, 102, 39, 75, 96, 48, 14, 57, 67, 58, 2, 82, 37, 35, 117, 88, 104, 21, 29, 74, 8, 7, 10, 84, 112, 108, 43, 6, 26, 124, 45, 36, 78, 49, 76, 17, 113, 125, 20, 62, 24, 119, 22, 50, 25, 31, 3, 27, 23, 100, 45, 36, 78, 49, 76, 17, 113, 125, 20, 62, 24, 119, 22, 50, 25, 31, 3, 27, 13, 4, 37, 35, 117, 88, 104, 21, 29, 74, 8, 7, 10, 84, 112, 0, 58, 2, 82, 65, 30, 93, 102, 39, 75, 96, 48, 14, 57, 52, 110, 5, 54, 92, 94, 77, 63, 86, 83, 121, 109, 18, 32, 79, 60, 28, 34, 126, 119, 22, 50, 25, 31, 3, 27, 23, 100, 45, 36, 78, 49, 76, 17, 113, 125, 20, 62, 24, 16, 90, 81, 95, 52, 110, 67, 58, 2, 82, 65, 30, 93, 102, 39, 75, 96, 48, 14, 71, 59, 12, 101, 111, 46, 117, 88, 104, 21, 29, 74, 18, 93, 102, 39, 75, 96, 48, 14, 57, 67, 58, 2, 82, 65, 30, 124, 45, 36, 78, 49, 76, 17, 113, 125, 20, 62, 24, 119, 22, 50, 25, 31, 3, 27, 23, 100, 6, 99, 53, 94, 72, 111, 14, 57, 67, 58, 2, 82, 65, 30, 93, 102, 39, 75, 96, 48, 42, 118, 77, 63, 86, 83, 121, 109, 18, 32, 79, 60, 70, 74, 8, 7, 10, 84, 113, 125, 20, 62, 24, 119, 22, 50, 25, 31, 3, 27, 23, 100, 45, 36, 78, 49, 76, 17, 14, 57, 67, 58, 2, 82, 65, 30, 93, 102, 39, 75, 96, 48, 42, 118, 77, 63, 86, 111, 46, 117, 88, 104, 21, 29, 74, 18, 32, 79, 60, 28, 1, 106, 95, 52, 110, 5, 54, 92, 33, 67, 58, 67, 58, 2, 82, 65, 30, 124, 45, 36, 78, 49, 76, 17, 113, 125, 20, 62, 24, 119, 22, 50, 25, 31, 3, 27, 23, 100, 6, 99, 53, 94, 72, 111, 14, 57, 52, 110, 5, 54, 92, 33, 100, 45, 36, 78, 49, 76, 17, 113, 125, 20, 62, 24, 119, 22, 50, 25, 31, 3, 27, 23, 9, 70, 74, 8, 7, 10, 84, 112, 0, 58, 2, 82, 65, 30, 93, 102, 39, 75, 96, 48, 14, 57, 52, 110, 5, 54, 92, 94, 72, 111, 46, 117, 88, 104, 21, 15, 73, 108, 43, 6, 99, 53, 68, 41, 86, 83, 121, 109, 18, 32, 79, 60, 28, 34, 10, 84, 113, 125, 20, 62, 24, 119, 22, 50, 25, 31, 3, 27, 23, 100, 45, 36, 78, 49, 76, 17, 14, 57, 67, 58, 2, 82, 65, 30, 93, 102, 39, 75, 96, 48, 42, 118, 77, 63, 86, 111, 46, 117, 88, 104, 21, 15, 73, 4, 37, 35, 117, 36, 78, 49, 76, 17, 113, 125, 20, 62, 24, 119, 22, 50, 25, 31, 3, 27, 23, 100, 45, 75, 96, 48, 14, 57, 67, 58, 2, 82, 65, 30, 93, 102, 39, 47, 56, 87, 103, 38, 92, 33, 100, 45, 36, 78, 49, 76, 17, 113, 125, 20, 62, 24, 119, 22, 50, 25, 31, 3, 27, 23, 9, 70, 74, 8, 7, 10, 84, 112, 0, 58, 2, 82, 65, 30, 93, 102, 39, 75, 96, 48, 14, 57, 52, 110, 5, 54, 92, 94, 72, 111, 46, 117, 88, 104, 21, 15, 73, 108, 43, 6, 99, 53, 68, 41, 86, 83, 121, 91, 118, 77, 115, 40, 46, 117, 36, 78, 49, 76, 17, 113, 125, 20, 62, 24, 119, 22, 50, 25, 31, 3, 27, 23, 100, 45, 75, 96, 48, 14, 57, 67, 58, 2, 82, 65, 30, 93, 102, 39, 47, 56, 87, 103, 72, 94, 77, 115, 40, 69, 70, 74, 8, 7, 10, 84, 113, 125, 20, 62, 24, 119, 22, 50, 25, 31, 3, 27, 23, 100, 45, 36, 78, 49, 76, 17, 14, 57, 67, 58, 2, 82, 65, 30, 93, 102, 39, 75, 96, 48, 42, 125, 20, 113, 125, 8, 44, 45, 36, 78, 49, 76, 17, 113, 125, 20, 62, 24, 119, 22, 50, 25, 31, 3, 27, 23, 100, 6, 99, 53, 94, 72, 111, 14, 57, 67, 58, 2, 82, 65, 30, 93, 102, 39, 47, 75, 96, 48, 14, 57, 67, 58, 2, 82, 65, 30, 124, 45, 36, 78, 49, 76, 91, 116, 126, 49, 76, 17, 113, 125, 20, 62, 24, 119, 22, 50, 25, 31, 3, 27, 23, 100, 45, 36, 78, 75, 96, 48, 14, 57, 67, 58, 2, 82, 65, 30, 93, 102, 51, 54, 92, 33, 100, 45, 36, 78, 49, 76, 17, 113, 125, 20, 62, 24, 119, 22, 50, 25, 31, 3, 27, 23, 9, 70, 74, 8, 7, 10, 84, 112, 0, 58, 2, 82, 65, 30, 93, 102, 39, 75, 96, 48, 14, 57, 52, 68, 41, 86, 111, 46, 117, 88, 104, 21, 15, 73, 108, 43, 6, 26, 98, 59, 55, 123, 75, 96, 48, 14, 57, 67, 58, 2, 82, 65, 30, 124, 45, 36, 78, 49, 76, 17, 113, 125, 20, 62, 24, 119, 22, 50, 25, 31, 3, 27, 23, 100, 6, 99, 53, 94, 72, 111, 46, 117, 88, 104, 21, 29, 74, 8, 7, 10, 84, 112, 0, 9, 63, 86, 83, 121, 109, 18, 93, 102, 39, 47, 56, 87, 103, 72, 111, 14, 57, 67, 58, 2, 82, 65, 30, 124, 45, 36, 78, 49, 76, 17, 113, 125, 20, 62, 24, 119, 22, 50, 25, 31, 3, 27, 23, 100, 6, 99, 53, 94, 72, 111, 14, 57, 52, 68, 41, 86, 83, 121, 109, 18, 93, 102, 39, 75, 89, 61, 105, 56, 87, 17, 113, 125, 20, 62, 24, 119, 22, 50, 25, 31, 3, 27, 23, 100, 45, 36, 78, 49, 76, 91, 118, 77, 63, 86, 111, 14, 57, 67, 58, 2, 82, 65, 30, 93, 102, 39, 75, 89, 61, 102, 39, 75, 96, 48, 14, 57, 67, 58, 2, 82, 65, 30, 124, 45, 36, 78, 49, 76, 17, 113, 125, 20, 62, 24, 119, 22, 50, 25, 31, 3, 27, 23, 100, 45, 36, 78, 49, 76, 17, 113, 125, 20, 62, 46, 117, 88, 104, 21, 29, 74, 8, 7, 10, 84, 112, 0, 58, 2, 82, 65, 30, 93, 102, 39, 75, 96, 48, 14, 57, 52, 110, 5, 54, 92, 94, 77, 63, 86, 83, 121, 91, 116, 105, 56, 64, 49, 76, 17, 113, 125, 20, 62, 24, 119, 22, 50, 25, 31, 3, 27, 23, 100, 45, 36, 78, 75, 96, 48, 14, 57, 67, 58, 2, 82, 65, 30, 93, 102, 39, 47, 56, 87, 103, 72, 111, 46, 117, 88, 104, 21, 29, 74, 8, 7, 10, 84, 112, 0, 9, 63, 86, 83, 121, 109, 18, 32, 79, 60, 28, 1, 106, 95, 52, 110, 5, 54, 92, 94, 77, 115, 40, 69, 123, 72, 111, 14, 57, 67, 58, 2, 82, 65, 30, 124, 45, 36, 78, 49, 76, 17, 113, 125, 20, 62, 24, 119, 22, 50, 25, 31, 3, 27, 23, 100, 6, 99, 53, 94, 77, 63, 86, 83, 121, 109, 18, 93, 102, 39, 75, 96, 48, 42, 118, 120, 114, 91, 116, 105, 56, 64, 117, 88, 104, 21, 15, 73, 108, 43, 6, 99, 53, 94, 72, 111, 14, 57, 67, 58, 2, 82, 65, 30, 124, 45, 36, 78, 49, 76, 17, 113, 125, 20, 62, 24, 119, 22, 50, 25, 31, 3, 27, 23, 100, 45, 36, 78, 49, 76, 91, 118, 77, 63, 86, 111, 14, 57, 67, 58, 2, 82, 65, 30, 93, 102, 39, 75, 89, 61, 105, 56, 64, 117, 88, 104, 21, 29, 74, 18, 32, 79, 24, 119, 22, 50, 25, 31, 80, 87, 17, 113, 125, 20, 62, 24, 16, 90, 81, 95, 124, 45, 36, 78, 49, 76, 17, 113, 125, 20, 62, 24, 119, 22, 50, 25, 31, 3, 27, 23, 100, 6, 99, 53, 94, 72, 111, 14, 57, 67, 58, 2, 82, 65, 30, 124, 45, 36, 78, 49, 76, 17, 113, 125, 20, 62, 24, 119, 22, 50, 25, 31, 3, 27, 23, 100, 6, 99, 53, 94, 72, 111, 14, 57, 67, 58, 2, 82, 37, 35, 117, 88, 104, 21, 29, 74, 8, 7, 10, 84, 112, 0, 9, 63, 86, 83, 121, 91, 118, 77, 63, 86, 111, 14, 57, 67, 58, 2, 82, 65, 30, 124, 45, 36, 78, 49, 76, 17, 113, 125, 20, 62, 24, 119, 22, 50, 25, 31, 3, 27, 23, 100, 6, 26, 98, 59, 55, 123, 75, 89, 61, 102, 39, 47, 56, 64, 117, 88, 104, 21, 29, 74, 8, 7, 10, 84, 113, 125, 20, 62, 24, 119, 22, 50, 25, 31, 3, 27, 23, 100, 45, 36, 78, 49, 76, 17, 14, 57, 67, 58, 2, 82, 65, 30, 93, 102, 39, 75, 89, 61, 102, 39, 75, 96, 48, 14, 57, 67, 58, 2, 82, 65, 30, 124, 45, 36, 78, 49, 76, 17, 113, 125, 20, 62, 24, 16, 90, 23, 100, 45, 36, 78, 49, 76, 17, 113, 125, 20, 62, 24, 119, 22, 50, 25, 31, 3, 27, 13, 4, 37, 35, 117, 88, 104, 21, 29, 74, 8, 7, 10, 84, 112, 0, 58, 2, 82, 65, 30, 93, 102, 39, 75, 96, 48, 14, 57, 67, 58, 2, 82, 65, 30, 124, 45, 36, 97, 71, 39, 75, 96, 48, 14, 57, 67, 58, 2, 82, 65, 30, 124, 45, 36, 78, 49, 76, 17, 113, 125, 20, 62, 24, 119, 22, 50, 25, 31, 3, 27, 23, 100, 6, 26, 98, 19, 100, 45, 36, 78, 49, 76, 17, 113, 125, 20, 62, 24, 119, 22, 50, 25, 31, 3, 27, 23, 9, 70, 74, 8, 7, 10, 84, 112, 0, 58, 2, 82, 65, 30, 93, 102, 39, 75, 96, 48, 14, 57, 52, 110, 5, 54, 92, 94, 72, 111, 46, 117, 88, 104, 124, 45, 36, 78, 49, 76, 17, 113, 125, 20, 62, 24, 119, 22, 50, 25, 31, 3, 27, 23, 100, 6, 99, 53, 94, 72, 111, 14, 57, 67, 58, 2, 82, 65, 30, 93, 107, 77, 63, 86, 111, 14, 57, 67, 58, 2, 109, 33, 100, 45, 36, 78, 49, 76, 17, 113, 125, 20, 62, 24, 119, 22, 50, 25, 31, 3, 27, 23, 9, 70, 74, 8, 7, 10, 84, 112, 0, 58, 2, 82, 65, 30, 93, 102, 39, 75, 96, 48, 14, 57, 52, 110, 67, 58, 2, 82, 65, 30, 124, 45, 36, 78, 49, 76, 17, 113, 125, 20, 62, 24, 119, 22, 50, 25, 31, 3, 27, 23, 100, 6, 99, 53, 94, 72, 111, 14, 57, 52, 68, 41, 86, 83, 121, 109, 18, 93, 102, 39, 75, 96, 48, 42, 118, 77, 63, 21, 29, 74, 8, 7, 10, 84, 112, 0, 58, 67, 23, 100, 45, 36, 78, 49, 76, 17, 113, 125, 20, 62, 24, 119, 22, 50, 25, 31, 3, 27, 13, 4, 37, 35, 117, 88, 104, 21, 29, 74, 8, 7, 10, 84, 112, 108, 43, 6, 99, 53, 94, 72, 111, 14, 57, 52, 68, 41, 86, 83, 121, 109, 18, 93, 102, 39, 75, 96, 48, 42, 118, 120, 114, 91, 118, 120, 114, 126, 49, 76, 17, 113, 125, 20, 62, 24, 119, 22, 50, 25, 31, 3, 27, 23, 100, 45, 36, 78, 75, 96, 48, 14, 57, 67, 58, 2, 82, 65, 30, 93, 102, 39, 47, 56, 87, 103, 72, 111, 46, 117, 88, 104, 21, 29, 74, 8, 7, 10, 84, 112, 0, 9, 63, 86, 83, 121, 109, 18, 32, 79, 60, 28, 1, 106, 95, 52, 110, 5, 54, 92, 94, 77, 115, 40, 69, 123, 72, 111, 14, 57, 67, 58, 2, 82, 65, 30, 124, 45, 36, 78, 49, 76, 17, 113, 125, 20, 62, 24, 119, 22, 50, 25, 31, 3, 27, 23, 100, 6, 99, 53, 94, 77, 63, 86, 83, 121, 109, 18, 93, 102, 39, 75, 96, 48, 42, 118, 120, 114, 91, 116, 105, 56, 87, 17, 113, 125, 20, 62, 24, 119, 22, 50, 25, 31, 3, 27, 23, 100, 45, 36, 78, 49, 76, 91, 118, 120, 114, 126, 49, 76, 17, 113, 125, 20, 62, 24, 119, 22, 50, 25, 31, 3, 27, 23, 100, 45, 36, 78, 75, 96, 48, 14, 57, 67, 58, 2, 82, 65, 30, 93, 102, 39, 47, 56, 87, 103, 72, 111, 46, 117, 88, 104, 21, 29, 74, 8, 7, 10, 84, 112, 0, 9, 63, 86, 83, 121, 109, 33, 100, 45, 36, 78, 49, 76, 17, 113, 125, 20, 62, 24, 119, 22, 50, 25, 31, 3, 27, 23, 9, 70, 74, 8, 7, 10, 122, 48, 14, 57, 67, 58, 2, 82, 65, 30, 124, 45, 36, 78, 49, 76, 17, 113, 125, 20, 62, 24, 119, 22, 50, 25, 31, 3, 27, 23, 100, 6, 99, 53, 94, 72, 111, 46, 117, 88, 104, 21, 29, 74, 8, 7, 10, 84, 112, 0
a, a, a, a, a, a, a, a, a, a, a, b, a, a, a, b, b, b, b, b, b, b, b, b, b, b, a, b, b, b, b, b, b, b, b, b, b, a, b, b, b, b, b, b, b, b, b, a, b, b, b, a, b, b, b, b, b, a, a, b, b, b, a, b, b, a, a, b, a, b, b, b, b, b, b, a, b, b, a, a, a, a, a, a, a, a, a, b, a, a, a, b, a, a, a, a, b, a, a, a, a, a, a, a, a, b, a, a, a, a, a, a, a, a, a, a, a, a, a, a, b, a, a, a, b, a, a, a, a, a, b, a, a, a, a, a, a, b, b, b, b, b, b, b, b, b, a, b, b, b, b, b, b, b, b, b, b, b, b, b, b, b, b, a, b, b, b, a, b, b, b, a, b, b, b, b, b, a, a, b, b, b, a, b, b, a, a, b, a, a, a, a, b, b, a, a, b, a, a, a, a, b, a, b, b, b, b, b, b, b, b, b, b, b, b, b, b, b, b, b, a, b, b, b, a, b, b, b, a, b, b, b, b, b, b, a, b, b, b, a, b, b, b, b, b, a, a, b, b, b, a, b, b, a, a, b, a, a, a, b, b, b, b, b, b, b, b, b, b, b, b, a, b, b, b, b, b, b, b, b, b, b, a, b, b, b, b, b, b, b, b, b, a, b, a, a, a, a, b, a, a, a, b, b, a, b, b, b, b, b, b, b, a, b, b, b, b, b, b, b, b, a, b, b, b, a, b, b, b, b, b, b, a, b, a, b, b, a, b, b, b, b, b, b, a, b, b, b, b, b, b, b, b, b, b, b, b, b, a, b, b, b, b, b, b, b, b, b, b, a, a, a, a, b, b, b, b, b, b, b, a, b, b, b, b, b, b, b, b, b, b, b, b, b, a, b, b, b, b, b, b, b, b, b, b, a, b, a, b, a, b, b, b, b, b, b, b, b, b, b, b, b, b, b, b, b, a, b, b, b, b, a, b, b, b, a, b, b, b, b, b, b, a, b, b, b, a, b, b, b, b, b, a, a, b, b, b, a, b, b, a, a, b, a, b, b, b, b, a, a, a, b, a, b, a, b, b, b, b, b, b, b, b, b, b, b, b, b, b, b, a, b, b, b, b, a, b, b, b, a, b, b, b, b, b, b, a, b, b, b, a, b, b, b, b, b, a, a, b, b, b, a, b, b, a, a, b, a, b, b, b, b, b, a, a, a, b, b, b, a, b, b, b, b, b, b, b, b, b, b, b, b, b, b, b, b, a, b, b, b, b, a, b, b, b, a, b, b, b, b, b, b, a, b, b, b, a, b, b, b, b, b, a, a, b, b, b, a, b, b, a, a, b, a, b, b, b, b, b, b, a, a, b, a, b, b, b, b, b, b, b, b, b, b, a, b, b, b, b, b, b, b, b, b, b, b, b, b, a, b, b, a, b, b, a, b, b, b, b, b, b, b, b, b, a, b, b, b, b, b, b, b, b, b, b, b, b, b, a, b, b, b, b, b, b, b, b, b, b, a, b, b, b, b, b, a, b, a, a, a, b, b, b, b, b, b, a, b, a, a, b, a, b, b, a, b, b, a, a, b, b, b, b, b, b, b, a, b, b, b, b, b, b, b, b, b, b, b, b, b, a, b, b, b, b, b, b, b, b, b, b, a, b, b, b, a, b, b, a, b, b, a, b, b, b, b, b, b, a, a, a, b, a, a, b, b, a, a, a, a, a, a, b, b, a, b, b, b, b, b, b, a, b, b, b, b, b, b, b, b, b, b, b, b, b, a, b, a, b, a, a, a, a, b, b, b, b, b, b, b, b, b, b, b, b, a, b, b, b, b, b, b, b, b, b, b, a, a, a, b, a, b, b, b, b, b, b, b, a, b, b, b, b, b, b, b, b, b, b, b, b, b, a, b, b, b, b, b, b, b, b, b, b, a, a, a, b, b, a, b, b, b, b, b, b, b, b, b, a, b, b, b, b, b, b, b, b, b, b, b, b, b, a, a, b, b, b, b, b, b, b, b, b, b, b, b, a, b, b, b, b, b, b, b, b, b, b, b, b, b, b, b, b, b, b, b, a, b, b, b, b, b, b, b, b, b, b, b, b, b, b, b, b, b, b, b, a, b, b, a, b, b, a, b, b, b, b, b, b, b, b, b, a, b, a, b, b, a, a, a, b, b, b, b, b, b, a, a, b, b, a, b, b, b, b, b, b, b, b, b, b, a, b, b, b, b, b, b, b, b, b, b, b, b, b, b, b, b, b, b, b, a, b, b, b, b, b, b, b, b, a, b, b, b, b, a, a, a, b, b, b, b, b, b, a, b, b, a, b, b, b, a, b, b, b, b, b, b, b, a, b, a, b, b, a, a, b, b, a, b, b, a, a, b, a, a, b, a, a, b, b, b, b, b, b, b, b, b, b, b, b, b, b, b, b, b, a, b, a, b, a, b, a, b, b, b, a, b, b, b, a, b, b, b, b, b, b, a, a, b, b, b, a, b, a, a, a, b, b, a, b, b, b, b, b, b, b, b, b, b, a, b, b, b, b, b, b, b, b, b, b, b, b, b, a, b, b, b, b, b, b, b, b, b, b, a, b, b, b, b, b, b, b, b, b, a, b, b, b, a, b, b, b, b, b, a, a, b, b, b, a, b, b, a, a, b, a, b, b, b, b, b, b, b, b, b, a, b, b, b, b, b, b, b, b, b, b, b, b, b, b, b, b, a, b, b, b, a, b, b, b, a, b, b, b, b, b, a, a, b, b, b, b, a, b, a, a, a, b, b, a, a, b, a, a, a, b, b, a, b, a, b, b, b, a, b, b, b, a, b, b, b, b, b, b, b, b, b, b, b, b, b, a, b, b, b, b, b, b, b, b, b, b, a, b, b, b, b, b, b, b, a, b, a, b, b, b, b, b, b, b, b, b, b, b, b, b, a, b, b, b, b, b, b, b, b, b, a, b, b, b, b, b, b, a, b, b, a, b, b, b, a, b, b, b, b, b, b, b, a, b, a, b, b, a, b, b, a, b, a, a, a, a, a, b, b, b, b, b, a, b, a, a, b, b, a, a, b, a, a, b, b, b, b, b, b, a, b, b, b, b, b, b, b, b, b, b, b, b, b, b, b, b, a, b, b, b, a, b, b, b, a, b, b, b, b, b, a, a, b, b, b, b, a, b, a, a, a, a, a, a, b, b, b, b, b, b, b, b, b, b, b, a, b, b, b, b, b, b, b, b, b, b, b, a, b, b, b, b, b, b, a, b, b, b, a, b, b, a, a, b, a, a, b, b, b, b, b, b, b, b, b, b, b, b, a, b, b, b, b, b, b, b, b, b, a, b, b, b, b, b, b, a, b, b, a, b, b, b, a, b, b, b, b, b, b, b, a, b, a, b, b, a, b, b, a, b, a, a, a, a, a, b, b, b, b, b, a, b, a, a, b, a, b, b, a, b, a, b, b, b, b, b, b, b, b, b, a, b, b, b, b, b, b, b, b, b, b, b, a, b, b, b, b, b, b, a, b, b, b, a, b, b, a, a, b, a, b, a, a, a, b, b, a, b, b, b, b, b, b, b, b, a, b, b, b, b, b, b, b, b, b, b, b, b, b, b, b, b, a, b, b, b, a, b, b, b, a, b, b, b, b, b, a, b, b, b, b, a, a, b, b, b, b, b, b, b, b, b, a, b, b, b, b, b, b, b, b, b, b, a, b, b, b, b, b, b, b, b, b, a, b, b, b, a, b, b, a, b, b, b, b, b, b, b, a, b, b, b, b, b, b, b, b, b, a, a, a, b, b, b, b, b, b, a, b, b, b, b, b, b, b, b, b, b, b, b, b, a, b, b, b, b, b, b, a, b, b, b, a, b, a, b, b, b, b, b, b, b, b, b, b, b, b, b, a, b, b, b, b, b, b, b, b, b, a, b, b, b, b, b, b, a, b, b, a, b, b, b, a, b, b, b, b, b, b, b, a, a, b, a, b, a, b, a, a, a, a, a, b, b, b, a, a, a, a, b, a, b, b, b, b, b, b, a, b, b, b, b, b, b, b, b, b, b, b, b, b, a, b, b, b, b, b, b, b, b, b, b, a, b, b, b, b, b, a, b, a, a, a, b, b, b, b, b, b, a, b, a, a, b, a, b, b, a, b, b, b, a, a, b, a, b, b, b, b, b, b, a, b, b, b, b, b, b, b, b, b, b, b, b, b, a, b, b, b, b, b, b, b, b, b, b, a, b, b, b, b, b, b, b, a, a, b, a, a, b, b, a, b, b, b, b, a, b, a, b, b, b, b, b, b, a, b, b, b, b, b, b, b, b, b, b, b, b, b, b, b, a, b, b, b, b, b, b, b, b, b, a, b, b, b, a, b, b, b, a, b, b, b, b, b, b, b, b, b, b, a, b, b, b, b, b, b, b, b, b, b, b, b, b, a, b, b, b, b, b, b, b, b, b, b, b, b, b, b, b, b, b, b, b, a, a, b, a, a, a, b, b, b, b, b, b, a, b, b, a, b, b, b, a, b, b, b, b, b, b, b, a, b, a, b, b, a, a, b, b, a, b, a, a, b, b, a, b, b, b, b, b, b, a, b, b, b, b, b, b, b, b, b, b, b, b, b, a, b, b, b, b, b, b, a, b, b, b, a, b, b, a, a, b, a, b, b, a, b, a, a, a, b, b, b, b, b, b, a, b, a, a, b, a, b, b, a, a, b, a, a, a, b, b, a, b, a, b, b, a, a, a, b, b, b, b, b, b, b, b, b, a, b, b, b, b, b, b, b, b, b, b, b, b, b, a, b, b, b, b, b, b, b, b, b, b, a, b, b, b, a, b, b, a, b, b, a, b, b, b, b, b, b, a, a, a, b, a, a, b, b, a, a, a, a, a, a, a, b, b, b, b, b, b, b, b, b, b, b, b, a, b, b, b, b, b, b, b, b, b, b, b, b, b, a, b, b, b, b, b, b, b, b, b, b, b, b, b, b, b, a, b, b, b, b, b, b, b, b, b, a, b, b, b, a, b, b, b, a, b, a, b, a, a, a, a, a, b, b, a, a, b, b, b, b, b, b, b, a, b, b, b, b, b, a, b, a, b, a, b, b, b, b, b, b, b, b, b, b, b, a, b, b, b, b, b, b, b, b, b, b, a, b, b, b, b, b, b, b, b, b, a, b, b, b, b, b, b, b, b, b, b, b, b, b, a, b, b, b, b, b, b, b, b, b, b, a, b, b, b, b, b, b, b, b, b, a, b, a, b, b, a, a, a, b, b, b, b, b, b, a, b, a, a, b, a, b, a, b, b, b, b, b, b, b, b, b, a, b, b, b, b, b, b, b, b, b, b, b, b, b, a, b, b, b, b, b, b, b, b, b, b, a, a, a, a, a, b, a, a, b, b, b, a, a, a, a, a, a, a, b, b, b, b, b, b, b, b, b, a, b, b, b, b, b, b, b, b, b, b, b, b, b, b, b, b, a, b, b, b, a, b, b, b, a, b, b, b, a, b, b, b, b, b, b, b, b, b, b, a, b, b, b, b, b, b, b, b, b, b, b, b, b, a, b, a, b, b, b, b, b, b, b, b, b, b, b, b, a, b, b, b, b, b, b, b, b, a, b, b, b, b, a, a, a, b, b, b, b, b, b, a, b, b, a, b, b, b, a, b, b, b, b, b, b, b, b, b, a, b, b, b, b, b, b, a, b, b, b, b, b, b, b, b, b, a, b, b, b, b, b, b, b, b, b, b, b, b, b, a, b, b, b, b, b, b, b, b, b, b, a, a, a, b, b, b, b, b, b, b, b, b, b, b, a, b, b, b, b, b, b, b, b, b, a, b, b, b, b, b, b, a, b, b, a, b, b, b, a, b, b, b, b, b, b, b, a, b, a, b, b, a, b, b, a, b, a, a, b, b, b, b, b, b, b, b, b, b, a, b, b, b, b, b, b, b, b, b, b, a, b, b, b, b, b, b, b, b, b, a, b, b, b, a, a, b, b, b, b, b, b, b, b, a, a, b, b, b, b, b, b, b, b, b, b, b, a, b, b, b, b, b, b, b, b, b, a, b, b, b, b, b, b, a, b, b, a, b, b, b, a, b, b, b, b, b, b, b, a, b, b, b, a, b, b, b, b, b, b, b, b, b, b, b, b, b, a, b, b, b, b, b, b, b, b, b, b, a, b, b, b, b, b, b, b, a, a, b, a, a, b, b, a, b, b, b, b, b, b, a, a, b, b, a, b, b, b, b, b, b, a, b, b, b, a, b, b, b, b, b, b, b, b, b, b, a, b, b, b, b, b, b, b, b, a, b, b, b, b, a, a, a, b, b, b, b, b, b, a, a, b, b, b, b, b, b, b, b, b, a, a, b, a, a, b, b, a, b, b, b, b, b, b, a, a, a, b, a, b, a, b, b, b, b, b, b, b, b, a, b, b, b, b, b, b, b, b, b, b, b, b, b, a, b, b, b, b, b, b, a, b, b, b, a, b, b, a, a, b, a, b, b, a, b, a, a, a, b, b, b, b, b, b, a, b, a, a, b, a, b, b, a, a, b, a, a, a, b, b, a, b, a, b, b, a, a, a, b, b, b, b, b, b, b, b, b, a, b, b, b, b, b, b, b, b, b, b, b, b, b, a, b, b, b, b, b, b, b, b, b, b, a, b, b, b, a, b, b, a, b, b, a, b, b, b, b, b, b, a, a, a, b, a, a, b, b, b, b, b, b, b, a, b, b, b, b, b, b, b, b, b, b, b, b, b, b, b, a, b, a, b, b, b, b, b, b, b, b, a, b, b, b, b, b, b, b, b, b, b, b, b, b, a, b, b, b, b, b, b, a, b, b, b, a, b, b, a, a, b, a, b, b, a, b, a, a, a, b, b, b, b, b, b, a, b, a, a, b, a, b, b, b, b, b, b, b, b, b, b, b, b, b, a, b, b, b, b, b, b, b, b, b, a, b, b, b, b, b, a, b, b, b, b, b, a, b, b, b, b, b, b, b, b, b, b, b, b, b, a, b, b, b, b, b, b, b, b, b, b, a, b, b, b, b, b, a, b, a, a, a, b, b, b, b, b, b, a, b
0, 0, 0, 1, 1, 1, 1, 0, 0, 0, 0, 0, 1, 0, 0, 0, 0, 1, 1, 0, 1, 1, 0, 1, 0, 1, 1, 1, 0, 0, 1, 1, 1, 0, 0, 1, 0, 0, 0, 1, 1, 0, 1, 0, 0, 0, 1, 1, 1, 0, 1, 0, 1, 1, 1, 1, 1, 1, 1, 1, 1, 0, 1, 0, 0, 1, 0, 1, 0, 0, 0, 1, 0, 0, 1, 0, 1, 0, 1, 1, 1, 0, 1, 1, 1, 1, 0, 1, 0, 0, 1, 0, 1, 1, 1, 1, 0, 1, 1, 0, 1, 1, 0, 1, 0, 0, 0, 1, 1, 0, 0, 0, 0, 1, 1, 0, 1, 0, 1, 1, 0, 0, 0, 1, 1, 1, 1, 0, 1, 1, 1, 1, 1, 0, 0, 0, 1, 0, 0, 1, 0, 0, 1, 1, 0, 1, 1, 1, 0, 0, 1, 1, 1, 0, 0, 1, 0, 1, 1, 0, 1, 1, 0, 0, 0, 0, 1, 1, 1, 0, 1, 0, 1, 1, 1, 1, 1, 1, 1, 1, 1, 0, 1, 0, 0, 1, 0, 1, 0, 0, 0, 1, 1, 1, 1, 1, 0, 1, 0, 0, 1, 0, 0, 1, 1, 1, 1, 0, 0, 1, 0, 1, 1, 0, 1, 1, 0, 1, 0, 1, 1, 1, 0, 0, 1, 0, 1, 0, 0, 1, 1, 0, 0, 0, 1, 1, 1, 0, 1, 0, 1, 1, 1, 1, 1, 1, 1, 1, 1, 0, 1, 0, 0, 1, 0, 1, 0, 0, 0, 1, 0, 0, 1, 1, 0, 1, 1, 0, 1, 0, 1, 1, 1, 0, 0, 1, 1, 1, 0, 0, 1, 0, 0, 0, 1, 1, 0, 1, 0, 0, 0, 1, 1, 1, 0, 0, 1, 1, 0, 1, 1, 0, 1, 0, 1, 0, 1, 1, 0, 1, 0, 1, 1, 1, 0, 0, 1, 1, 1, 0, 0, 0, 0, 0, 1, 0, 1, 1, 0, 0, 0, 0, 1, 0, 1, 0, 0, 0, 0, 1, 0, 0, 0, 1, 1, 1, 0, 1, 0, 1, 1, 0, 1, 1, 0, 1, 0, 1, 1, 1, 0, 0, 1, 1, 1, 0, 0, 1, 0, 0, 0, 1, 0, 0, 1, 1, 0, 0, 0, 1, 1, 1, 0, 1, 0, 1, 1, 0, 1, 1, 0, 1, 0, 1, 1, 1, 0, 0, 1, 1, 1, 0, 0, 1, 0, 0, 0, 0, 1, 0, 0, 1, 1, 0, 0, 1, 0, 1, 1, 0, 1, 1, 0, 1, 0, 1, 1, 1, 0, 0, 1, 1, 0, 1, 0, 0, 1, 1, 0, 0, 0, 1, 1, 1, 0, 1, 0, 1, 1, 1, 1, 1, 1, 1, 1, 1, 0, 1, 0, 0, 1, 0, 1, 0, 0, 0, 1, 0, 1, 0, 0, 0, 1, 1, 0, 1, 1, 0, 0, 1, 0, 1, 1, 0, 1, 1, 0, 1, 0, 1, 1, 1, 0, 0, 1, 1, 0, 1, 0, 0, 1, 1, 0, 0, 0, 1, 1, 1, 0, 1, 0, 1, 1, 1, 1, 1, 1, 1, 1, 1, 0, 1, 0, 0, 1, 0, 1, 0, 0, 0, 1, 0, 0, 0, 1, 1, 1, 1, 1, 0, 0, 1, 1, 0, 0, 1, 0, 1, 1, 0, 1, 1, 0, 1, 0, 1, 1, 1, 0, 0, 1, 1, 0, 1, 0, 0, 1, 1, 0, 0, 0, 1, 1, 1, 0, 1, 0, 1, 1, 1, 1, 1, 1, 1, 1, 1, 0, 1, 0, 0, 1, 0, 1, 0, 0, 0, 1, 0, 0, 1, 0, 1, 1, 1, 0, 0, 1, 1, 0, 1, 0, 0, 0, 1, 1, 1, 0, 1, 0, 1, 1, 0, 1, 1, 0, 1, 0, 1, 1, 1, 0, 0, 0, 1, 0, 1, 1, 1, 1, 1, 1, 0, 0, 1, 1, 1, 0, 1, 0, 1, 1, 0, 1, 1, 0, 1, 0, 1, 1, 1, 0, 0, 1, 1, 1, 0, 0, 1, 0, 0, 0, 1, 1, 0, 1, 1, 1, 0, 1, 0, 0, 0, 1, 0, 0, 1, 0, 1, 0, 0, 0, 1, 0, 0, 1, 1, 1, 1, 1, 0, 1, 1, 0, 0, 0, 1, 1, 1, 0, 1, 0, 1, 1, 0, 1, 1, 0, 1, 0, 1, 1, 1, 0, 0, 1, 1, 1, 0, 0, 1, 0, 0, 0, 1, 1, 1, 1, 0, 1, 0, 0, 1, 1, 1, 1, 1, 1, 1, 1, 1, 0, 0, 1, 0, 1, 1, 1, 1, 0, 1, 0, 1, 1, 1, 0, 1, 1, 1, 0, 0, 1, 1, 1, 0, 1, 0, 1, 1, 0, 1, 1, 0, 1, 0, 1, 1, 1, 0, 1, 0, 0, 0, 0, 1, 0, 0, 1, 1, 0, 1, 1, 0, 1, 0, 1, 1, 1, 0, 0, 1, 1, 1, 0, 0, 1, 0, 0, 0, 1, 1, 0, 1, 0, 1, 0, 0, 0, 1, 1, 1, 0, 1, 0, 1, 1, 0, 1, 1, 0, 1, 0, 1, 1, 1, 0, 0, 1, 1, 1, 0, 0, 1, 0, 0, 0, 1, 1, 1, 0, 0, 1, 1, 0, 1, 0, 0, 0, 1, 1, 1, 0, 1, 0, 1, 1, 0, 1, 1, 0, 1, 0, 1, 1, 1, 1, 1, 0, 1, 1, 0, 1, 0, 1, 0, 0, 1, 1, 1, 0, 0, 1, 1, 1, 0, 0, 1, 0, 1, 1, 0, 1, 1, 0, 1, 0, 1, 1, 1, 0, 0, 1, 1, 1, 0, 0, 1, 0, 1, 1, 0, 1, 1, 0, 1, 0, 1, 1, 1, 0, 0, 0, 1, 0, 1, 1, 1, 1, 1, 1, 0, 0, 1, 1, 1, 0, 1, 1, 0, 1, 0, 0, 0, 1, 0, 0, 1, 0, 1, 1, 0, 0, 0, 1, 1, 0, 1, 1, 0, 1, 0, 1, 1, 1, 0, 0, 1, 1, 1, 0, 0, 1, 0, 1, 1, 0, 1, 1, 0, 1, 0, 1, 1, 1, 0, 0, 1, 1, 1, 0, 0, 0, 0, 0, 1, 1, 0, 1, 0, 0, 0, 1, 0, 0, 1, 0, 1, 0, 1, 1, 0, 1, 0, 1, 1, 1, 1, 1, 1, 0, 1, 0, 1, 0, 0, 0, 1, 1, 0, 1, 0, 0, 1, 0, 1, 0, 0, 1, 0, 1, 0, 1, 1, 1, 0, 0, 1, 0, 1, 1, 0, 1, 1, 0, 1, 0, 1, 1, 1, 0, 1, 0, 1, 1, 0, 1, 1, 1, 1, 0, 1, 0, 1, 1, 1, 1, 1, 1, 0, 1, 0, 1, 1, 1, 1, 0, 1, 0, 0, 0, 1, 1, 1, 1, 1, 1, 1, 1, 0, 0, 1, 1, 1, 0, 1, 0, 1, 1, 0, 1, 1, 0, 1, 0, 1, 1, 1, 0, 0, 1, 1, 1, 0, 0, 1, 0, 0, 0, 1, 1, 0, 1, 0, 0, 0, 1, 1, 1, 0, 1, 0, 1, 1, 1, 1, 1, 1, 1, 1, 1, 0, 1, 0, 0, 1, 0, 1, 0, 0, 0, 1, 0, 0, 1, 1, 0, 1, 1, 1, 0, 0, 1, 1, 1, 0, 0, 1, 0, 1, 1, 0, 1, 1, 0, 0, 0, 0, 1, 1, 1, 0, 1, 0, 1, 1, 1, 1, 1, 1, 1, 1, 1, 0, 0, 1, 1, 0, 1, 0, 0, 0, 1, 0, 1, 0, 0, 0, 1, 0, 1, 0, 1, 0, 0, 0, 1, 1, 1, 1, 1, 1, 0, 1, 0, 1, 1, 0, 1, 1, 0, 1, 0, 1, 1, 1, 0, 0, 1, 1, 1, 0, 0, 1, 0, 0, 0, 1, 1, 0, 1, 0, 0, 1, 0, 1, 0, 0, 0, 0, 1, 1, 0, 1, 1, 0, 1, 0, 1, 1, 1, 0, 0, 1, 1, 1, 0, 0, 1, 0, 0, 0, 1, 0, 0, 1, 0, 1, 0, 1, 1, 0, 1, 0, 1, 1, 1, 1, 1, 1, 0, 1, 0, 1, 0, 0, 0, 0, 1, 1, 1, 0, 1, 0, 1, 1, 1, 1, 0, 0, 1, 0, 0, 0, 1, 0, 0, 1, 0, 1, 0, 0, 1, 0, 1, 1, 0, 1, 1, 1, 0, 0, 1, 1, 1, 0, 0, 1, 0, 1, 1, 0, 1, 1, 0, 0, 0, 0, 1, 1, 1, 0, 1, 0, 1, 1, 1, 1, 1, 1, 1, 1, 1, 0, 0, 1, 1, 0, 1, 0, 1, 1, 1, 0, 1, 1, 1, 0, 1, 1, 0, 1, 0, 1, 1, 1, 0, 0, 1, 1, 1, 0, 0, 1, 0, 1, 0, 1, 1, 1, 0, 0, 1, 1, 1, 0, 1, 0, 1, 1, 1, 0, 0, 0, 1, 0, 0, 0, 1, 1, 0, 1, 1, 0, 1, 0, 1, 1, 1, 0, 0, 1, 1, 1, 0, 0, 1, 0, 0, 0, 1, 0, 0, 1, 0, 1, 0, 1, 1, 0, 1, 0, 1, 1, 1, 1, 1, 1, 0, 1, 0, 1, 0, 0, 0, 0, 1, 1, 1, 0, 1, 0, 1, 1, 1, 1, 0, 0, 1, 0, 0, 0, 1, 0, 0, 0, 1, 0, 0, 1, 1, 1, 0, 1, 1, 0, 1, 0, 1, 1, 1, 0, 0, 1, 1, 1, 0, 0, 1, 0, 1, 0, 1, 1, 1, 0, 0, 1, 1, 1, 0, 1, 0, 1, 1, 1, 0, 0, 0, 1, 1, 1, 0, 0, 0, 0, 0, 1, 0, 0, 1, 1, 0, 1, 1, 1, 0, 0, 1, 1, 1, 0, 0, 1, 0, 1, 1, 0, 1, 1, 0, 0, 0, 0, 1, 1, 1, 0, 1, 0, 1, 1, 1, 1, 1, 1, 0, 1, 0, 0, 1, 0, 1, 1, 0, 1, 1, 0, 1, 0, 1, 1, 1, 0, 0, 1, 1, 1, 0, 0, 1, 0, 0, 0, 1, 1, 0, 1, 0, 0, 0, 1, 1, 1, 0, 1, 0, 1, 1, 1, 1, 1, 1, 1, 0, 0, 1, 1, 1, 0, 1, 0, 1, 1, 0, 1, 1, 0, 0, 1, 1, 1, 0, 1, 0, 1, 1, 1, 0, 0, 1, 1, 1, 0, 0, 1, 0, 1, 1, 0, 0, 1, 1, 1, 0, 0, 1, 1, 1, 0, 1, 0, 1, 1, 0, 0, 0, 0, 1, 1, 0, 1, 1, 0, 1, 0, 1, 1, 1, 0, 0, 1, 1, 1, 0, 0, 1, 0, 0, 0, 1, 0, 0, 1, 0, 1, 0, 1, 1, 0, 1, 0, 1, 1, 1, 1, 1, 1, 0, 1, 0, 0, 0, 0, 1, 1, 0, 1, 0, 1, 1, 1, 1, 0, 0, 1, 0, 1, 0, 1, 1, 1, 1, 0, 0, 1, 1, 1, 0, 1, 0, 1, 1, 0, 1, 1, 0, 1, 0, 1, 1, 1, 0, 0, 1, 1, 1, 0, 0, 1, 0, 0, 0, 1, 1, 0, 1, 1, 1, 0, 1, 0, 0, 0, 1, 0, 0, 1, 0, 1, 0, 0, 0, 1, 0, 0, 1, 1, 1, 1, 1, 0, 0, 0, 1, 1, 0, 0, 0, 1, 1, 1, 0, 1, 0, 1, 1, 0, 1, 1, 0, 1, 0, 1, 1, 1, 0, 0, 1, 1, 1, 0, 0, 1, 0, 0, 0, 1, 1, 0, 1, 0, 0, 1, 0, 0, 0, 1, 0, 0, 1, 1, 1, 1, 1, 0, 1, 1, 1, 0, 0, 1, 0, 1, 1, 1, 0, 0, 1, 1, 1, 0, 0, 1, 0, 1, 1, 0, 1, 1, 0, 0, 1, 1, 0, 0, 0, 0, 0, 1, 1, 1, 0, 1, 0, 1, 1, 1, 0, 1, 0, 1, 1, 1, 1, 1, 0, 0, 1, 1, 1, 0, 1, 0, 1, 1, 0, 1, 1, 0, 1, 0, 1, 1, 1, 0, 0, 1, 1, 1, 0, 0, 1, 0, 1, 1, 0, 1, 1, 0, 1, 0, 1, 1, 1, 1, 0, 1, 0, 0, 0, 1, 0, 0, 1, 0, 1, 0, 1, 1, 0, 1, 0, 1, 1, 1, 1, 1, 1, 0, 1, 0, 1, 0, 0, 0, 1, 1, 0, 1, 0, 0, 0, 1, 1, 1, 1, 1, 0, 1, 0, 1, 1, 1, 0, 0, 1, 1, 1, 0, 0, 1, 0, 1, 1, 0, 0, 1, 1, 1, 0, 0, 1, 1, 1, 0, 1, 0, 1, 1, 1, 0, 0, 0, 1, 1, 1, 1, 0, 1, 0, 0, 0, 1, 0, 0, 1, 0, 1, 0, 0, 0, 1, 0, 0, 1, 0, 1, 0, 0, 0, 1, 0, 1, 0, 1, 0, 0, 0, 1, 0, 0, 0, 1, 0, 1, 0, 0, 0, 1, 1, 1, 0, 1, 0, 1, 1, 0, 1, 1, 0, 1, 0, 1, 1, 1, 0, 0, 1, 1, 1, 0, 0, 1, 0, 0, 0, 1, 1, 1, 1, 0, 1, 0, 0, 1, 1, 1, 1, 1, 1, 1, 1, 1, 0, 0, 1, 0, 1, 1, 1, 1, 0, 1, 0, 1, 1, 1, 1, 0, 0, 1, 1, 0, 1, 0, 0, 0, 1, 1, 1, 0, 1, 0, 1, 1, 0, 1, 1, 0, 1, 0, 1, 1, 1, 0, 0, 1, 1, 1, 0, 0, 1, 0, 1, 1, 0, 1, 1, 0, 0, 1, 1, 0, 0, 0, 0, 0, 1, 1, 1, 0, 1, 0, 1, 1, 1, 0, 1, 1, 1, 1, 1, 0, 1, 0, 0, 0, 1, 0, 1, 0, 0, 0, 1, 1, 1, 1, 0, 0, 1, 0, 1, 1, 1, 0, 1, 0, 1, 0, 1, 1, 0, 1, 1, 0, 1, 0, 1, 1, 1, 0, 0, 1, 1, 1, 0, 0, 1, 0, 0, 0, 1, 1, 0, 1, 0, 0, 0, 1, 1, 1, 0, 1, 0, 1, 1, 0, 1, 1, 0, 1, 0, 1, 1, 1, 0, 0, 1, 1, 1, 0, 0, 1, 0, 0, 0, 1, 1, 0, 1, 0, 0, 0, 1, 1, 1, 0, 1, 1, 0, 1, 0, 0, 0, 1, 0, 0, 1, 0, 1, 0, 0, 0, 1, 0, 0, 0, 1, 1, 0, 0, 0, 0, 0, 1, 1, 1, 0, 1, 0, 1, 1, 0, 1, 1, 0, 1, 0, 1, 1, 1, 0, 0, 1, 1, 1, 0, 0, 1, 0, 0, 0, 1, 0, 1, 0, 1, 0, 1, 0, 1, 1, 0, 1, 1, 0, 1, 0, 0, 0, 1, 0, 0, 1, 1, 0, 1, 1, 1, 0, 0, 1, 1, 1, 0, 0, 1, 0, 1, 1, 0, 1, 1, 0, 0, 0, 0, 1, 1, 1, 0, 1, 0, 1, 1, 1, 0, 1, 0, 1, 1, 1, 1, 1, 0, 0, 1, 1, 1, 0, 1, 0, 1, 1, 0, 1, 1, 0, 1, 0, 1, 1, 1, 0, 1, 1, 0, 1, 1, 0, 1, 1, 0, 1, 0, 1, 1, 1, 0, 0, 1, 1, 1, 0, 0, 0, 0, 0, 1, 1, 0, 1, 0, 0, 0, 1, 0, 0, 1, 0, 1, 0, 1, 1, 0, 1, 0, 1, 1, 1, 1, 1, 1, 0, 0, 1, 1, 1, 0, 1, 0, 1, 1, 1, 1, 1, 1, 1, 1, 1, 0, 0, 1, 1, 1, 0, 1, 0, 1, 1, 0, 1, 1, 0, 1, 0, 1, 1, 1, 0, 0, 1, 1, 1, 0, 0, 1, 0, 0, 0, 1, 1, 1, 1, 1, 0, 1, 1, 0, 1, 0, 1, 1, 1, 0, 0, 1, 1, 1, 0, 0, 1, 0, 0, 0, 1, 0, 0, 1, 0, 1, 0, 1, 1, 0, 1, 0, 1, 1, 1, 1, 1, 1, 0, 1, 0, 1, 0, 0, 0, 0, 1, 1, 1, 0, 1, 0, 1, 1, 0, 1, 1, 0, 1, 0, 1, 1, 1, 0, 0, 1, 1, 1, 0, 0, 1, 0, 0, 0, 1, 1, 0, 1, 0, 0, 0, 1, 1, 1, 0, 1, 0, 0, 1, 1, 0, 0, 0, 0, 0, 1, 1, 1, 1, 0, 1, 1, 0, 1, 1, 0, 1, 0, 1, 1, 1, 0, 0, 1, 1, 1, 0, 0, 1, 0, 0, 0, 1, 0, 0, 1, 0, 1, 0, 1, 1, 0, 1, 0, 1, 1, 1, 1, 1, 1, 0, 1, 0, 1, 1, 1, 1, 0, 1, 0, 1, 1, 0, 1, 1, 0, 1, 0, 1, 1, 1, 0, 0, 1, 1, 1, 0, 0, 1, 0, 0, 0, 1, 1, 0, 1, 0, 0, 1, 0, 0, 0, 1, 0, 0, 1, 1, 1, 1, 1, 1, 1, 1, 1, 1, 1, 0, 0, 0, 1, 0, 0, 1, 0, 1, 0, 1, 0, 0, 1, 1, 0, 1, 1, 0, 1, 0, 1, 1, 1, 0, 0, 1, 1, 1, 0, 0, 0, 0, 0, 1, 1, 0, 1, 0, 0, 0, 1, 0, 0, 1, 0, 1, 1, 0, 0, 1, 1, 0, 1, 0, 0, 1, 0, 0, 0, 1, 0, 0, 1, 1, 1, 1, 1, 1, 1, 1, 1, 0, 0, 1, 0, 0, 0, 1, 1, 1, 0, 1, 0, 1, 1, 1, 0, 0, 1, 1, 1, 0, 0, 1, 0, 1, 1, 0, 0, 1, 1, 1, 0, 0, 1, 1, 1, 0, 1, 0, 1, 1, 1, 0, 0, 0, 1, 1, 1, 1, 0, 1, 0, 0, 0, 1, 0, 0, 1, 0, 1, 0, 0, 0, 1, 0, 0, 1, 0, 1, 0, 0, 0, 1, 0, 1, 0, 1, 0, 0, 0, 1, 0, 0, 0, 1, 0, 1, 0, 0, 0, 1, 1, 1, 0, 1, 0, 1, 1, 0, 1, 1, 0, 1, 0, 1, 1, 1, 0, 0, 1, 1, 1, 0, 0, 1, 0, 0, 0, 1, 1, 1, 1, 0, 1, 0, 0, 1, 1, 1, 1, 1, 1, 1, 1, 1, 0, 0, 1, 0, 1, 1, 0, 0, 1, 0, 1, 1, 1, 0, 0, 1, 1, 1, 0, 0, 1, 0, 1, 1, 0, 1, 1, 0, 0, 0, 0, 1, 1, 1, 0, 1, 0, 1, 1, 1, 0, 0, 1, 1, 1, 0, 0, 1, 0, 1, 1, 0, 0, 1, 1, 1, 0, 0, 1, 1, 1, 0, 1, 0, 1, 1, 1, 0, 0, 0, 1, 1, 1, 1, 0, 1, 0, 0, 0, 1, 0, 0, 1, 0, 1, 0, 0, 0, 1, 0, 0, 1, 0, 1, 1, 0, 1, 1, 0, 1, 0, 1, 1, 1, 0, 0, 1, 1, 1, 0, 0, 1, 0, 0, 0, 1, 0, 0, 0, 0, 1, 0, 0, 1, 1, 1, 0, 1, 0, 1, 1, 0, 1, 1, 0, 1, 0, 1, 1, 1, 0, 0, 1, 1, 1, 0, 0, 1, 0, 0, 0, 1, 1, 0, 1, 1, 1, 0, 1, 0, 0, 0, 1, 0, 0, 1, 0, 1
